15:28:29.426 Connecting to WIFLEN ...
15:28:30.059 Connected
15:28:30.092 32.21 ,908.0709 ,73.12 ,31.79 ,908.8508 ,100.00
15:28:30.107 32.21 ,908.0709 ,73.12 ,31.79 ,908.8508 ,100.00
15:28:30.136 32.27 ,908.0847 ,73.78 ,31.83 ,909.0275 ,100.00
15:28:30.175 32.27 ,908.0847 ,73.78 ,31.83 ,909.0275 ,100.00
15:28:30.185 32.27 ,908.0847 ,73.78 ,31.87 ,909.0616 ,100.00
15:28:30.248 32.32 ,908.0912 ,73.99 ,31.87 ,909.0616 ,100.00
15:28:30.262 32.32 ,908.0912 ,73.99 ,31.87 ,909.0616 ,100.00
15:28:30.296 32.32 ,908.0912 ,73.99 ,31.90 ,909.2019 ,100.00
15:28:30.344 32.34 ,908.1041 ,73.36 ,31.90 ,909.2019 ,100.00
15:28:30.355 32.34 ,908.1041 ,73.36 ,31.90 ,909.2019 ,100.00
15:28:30.388 32.34 ,908.1041 ,73.36 ,31.93 ,909.2480 ,100.00
15:28:30.440 32.34 ,908.1041 ,73.36 ,31.93 ,909.2480 ,100.00
15:28:30.493 32.30 ,908.0892 ,71.93 ,31.93 ,909.2480 ,100.00
15:28:30.509 32.30 ,908.0892 ,71.93 ,31.92 ,908.9084 ,100.00
15:28:30.515 32.30 ,908.0892 ,71.93 ,31.92 ,908.9084 ,100.00
15:28:30.548 32.23 ,908.0800 ,70.78 ,31.92 ,908.9084 ,100.00
15:28:30.597 32.23 ,908.0800 ,70.78 ,31.92 ,908.9084 ,100.00
15:28:30.601 32.23 ,908.0800 ,70.78 ,31.87 ,908.5795 ,100.00
15:28:30.636 32.14 ,908.0797 ,69.36 ,31.87 ,908.5795 ,100.00
15:28:30.734 32.14 ,908.0797 ,69.36 ,31.87 ,908.5795 ,100.00
15:28:30.742 32.14 ,908.0797 ,69.36 ,31.82 ,908.5662 ,100.00
15:28:30.775 32.07 ,908.0953 ,67.71 ,31.79 ,908.5480 ,100.00
15:28:30.816 32.07 ,908.0953 ,67.71 ,31.79 ,908.5480 ,100.00
15:28:30.819 32.00 ,908.0776 ,66.08 ,31.79 ,908.5480 ,100.00
15:28:30.853 32.00 ,908.0776 ,66.08 ,31.79 ,908.5480 ,100.00
15:28:30.889 32.00 ,908.0776 ,66.08 ,31.79 ,908.5480 ,100.00
15:28:30.895 32.00 ,908.0776 ,66.08 ,31.77 ,908.5767 ,100.00
15:28:30.928 31.94 ,908.0584 ,65.79 ,31.77 ,908.5767 ,100.00
15:28:30.971 31.94 ,908.0584 ,65.79 ,31.77 ,908.5767 ,100.00
15:28:30.979 31.94 ,908.0584 ,65.79 ,31.76 ,908.6619 ,100.00
15:28:31.012 31.92 ,908.0120 ,66.91 ,31.76 ,908.6619 ,100.00
15:28:31.055 31.92 ,908.0120 ,66.91 ,31.76 ,908.6619 ,100.00
15:28:31.061 31.92 ,908.0120 ,66.91 ,31.77 ,908.7821 ,100.00
15:28:31.095 31.94 ,907.9913 ,68.24 ,31.77 ,908.7821 ,100.00
15:28:31.140 31.94 ,907.9913 ,68.24 ,31.77 ,908.7821 ,100.00
15:28:31.146 31.94 ,907.9913 ,68.24 ,31.77 ,908.7821 ,100.00
15:28:31.179 31.94 ,907.9913 ,68.24 ,31.79 ,908.9202 ,100.00
15:28:31.226 32.01 ,907.9983 ,69.65 ,31.79 ,908.9202 ,100.00
15:28:31.232 32.01 ,907.9983 ,69.65 ,31.79 ,908.9202 ,100.00
15:28:31.265 32.01 ,907.9983 ,69.65 ,31.79 ,908.9202 ,100.00
15:28:31.305 32.01 ,907.9983 ,70.96 ,31.82 ,908.9680 ,100.00
15:28:31.313 32.09 ,907.9934 ,70.96 ,31.82 ,908.9680 ,100.00
15:28:31.346 32.09 ,907.9934 ,70.96 ,31.82 ,908.9680 ,100.00
15:28:31.390 32.09 ,907.9934 ,70.96 ,31.82 ,908.9680 ,100.00
15:28:31.396 32.09 ,907.9934 ,71.91 ,31.87 ,909.0789 ,100.00
15:28:31.431 32.18 ,908.0452 ,71.91 ,31.87 ,909.0789 ,100.00
15:28:31.477 32.18 ,908.0452 ,71.91 ,31.87 ,909.0789 ,100.00
15:28:31.485 32.18 ,908.0452 ,71.91 ,31.92 ,909.2130 ,100.00
15:28:31.521 32.26 ,908.0703 ,72.87 ,31.92 ,909.2130 ,100.00
15:28:31.556 32.26 ,908.0703 ,72.87 ,31.92 ,909.2130 ,100.00
15:28:31.564 32.26 ,908.0703 ,73.54 ,31.97 ,909.3535 ,100.00
15:28:31.601 32.32 ,908.0789 ,73.54 ,31.97 ,909.3535 ,100.00
15:28:31.638 32.32 ,908.0789 ,73.54 ,31.97 ,909.3535 ,100.00
15:28:31.644 32.32 ,908.0789 ,73.54 ,32.01 ,909.5425 ,100.00
15:28:31.683 32.36 ,908.0784 ,73.59 ,32.01 ,909.5425 ,100.00
15:28:31.739 32.36 ,908.0784 ,73.59 ,32.01 ,909.5425 ,100.00
15:28:31.750 32.36 ,908.0784 ,72.82 ,32.04 ,909.4653 ,100.00
15:28:31.787 32.37 ,908.1264 ,72.82 ,32.04 ,909.4653 ,100.00
15:28:31.808 32.37 ,908.1264 ,72.82 ,32.04 ,909.4653 ,100.00
15:28:31.841 32.37 ,908.1264 ,72.82 ,32.04 ,909.4653 ,100.00
15:28:31.885 32.37 ,908.1264 ,72.82 ,32.04 ,909.4653 ,100.00
15:28:31.894 32.33 ,908.1127 ,71.71 ,32.04 ,909.3052 ,100.00
15:28:31.928 32.33 ,908.1127 ,71.71 ,32.04 ,909.3052 ,100.00
15:28:31.974 32.33 ,908.1127 ,71.71 ,32.04 ,909.3052 ,100.00
15:28:31.982 32.33 ,908.1127 ,71.71 ,32.01 ,909.0642 ,100.00
15:28:32.015 32.25 ,908.1233 ,70.45 ,32.01 ,909.0642 ,100.00
15:28:32.105 32.25 ,908.1233 ,70.45 ,32.01 ,909.0642 ,100.00
15:28:32.109 32.25 ,908.1233 ,70.45 ,31.97 ,908.9080 ,100.00
15:28:32.143 32.18 ,908.1285 ,69.17 ,31.97 ,908.9080 ,100.00
15:28:32.189 32.18 ,908.1285 ,69.17 ,31.92 ,908.8823 ,100.00
15:28:32.197 32.11 ,908.1334 ,68.70 ,31.92 ,908.8823 ,100.00
15:28:32.231 32.11 ,908.1334 ,68.70 ,31.92 ,908.8823 ,100.00
15:28:32.275 32.11 ,908.1334 ,68.70 ,31.92 ,908.8823 ,100.00
15:28:32.283 32.05 ,908.0948 ,69.42 ,31.88 ,908.9660 ,100.00
15:28:32.316 32.05 ,908.0948 ,69.42 ,31.88 ,908.9660 ,100.00
15:28:32.358 32.05 ,908.0948 ,69.42 ,31.88 ,908.9660 ,100.00
15:28:32.365 32.05 ,908.0948 ,69.42 ,31.87 ,909.0338 ,100.00
15:28:32.398 32.05 ,908.0648 ,70.54 ,31.87 ,909.0338 ,100.00
15:28:32.441 32.05 ,908.0648 ,70.54 ,31.87 ,909.0338 ,100.00
15:28:32.449 32.05 ,908.0648 ,70.54 ,31.87 ,909.1381 ,100.00
15:28:32.482 32.08 ,908.0428 ,71.47 ,31.87 ,909.1381 ,100.00
15:28:32.527 32.08 ,908.0428 ,71.47 ,31.87 ,909.1381 ,100.00
15:28:32.534 32.08 ,908.0428 ,71.47 ,31.90 ,909.2941 ,100.00
15:28:32.567 32.14 ,908.0673 ,72.22 ,31.90 ,909.2941 ,100.00
15:28:32.609 32.14 ,908.0673 ,72.22 ,31.90 ,909.2941 ,100.00
15:28:32.616 32.14 ,908.0673 ,72.22 ,31.90 ,909.2941 ,100.00
15:28:32.649 32.14 ,908.0673 ,73.01 ,31.94 ,909.4934 ,100.00
15:28:32.691 32.20 ,908.0778 ,73.01 ,31.94 ,909.4934 ,100.00
15:28:32.697 32.20 ,908.0778 ,73.01 ,31.94 ,909.4934 ,100.00
15:28:32.730 32.20 ,908.0778 ,73.01 ,31.94 ,909.4934 ,100.00
15:28:32.764 32.20 ,908.0778 ,73.43 ,31.94 ,909.6389 ,100.00
15:28:32.770 32.26 ,908.0774 ,73.43 ,31.97 ,909.6389 ,100.00
15:28:32.803 32.26 ,908.0774 ,73.43 ,31.97 ,909.6389 ,100.00
15:28:32.846 32.26 ,908.0774 ,73.43 ,31.97 ,909.6389 ,100.00
15:28:32.855 32.26 ,908.0774 ,73.43 ,32.01 ,909.7308 ,100.00
15:28:32.888 32.30 ,908.0945 ,72.74 ,32.01 ,909.7308 ,100.00
15:28:32.929 32.30 ,908.0945 ,72.74 ,32.01 ,909.7308 ,100.00
15:28:32.935 32.30 ,908.0945 ,72.74 ,32.04 ,909.5886 ,100.00
15:28:32.969 32.30 ,908.1315 ,71.18 ,32.04 ,909.5886 ,100.00
15:28:33.041 32.30 ,908.1315 ,71.18 ,32.04 ,909.5886 ,100.00
15:28:33.071 32.30 ,908.1315 ,71.18 ,32.03 ,909.3812 ,100.00
15:28:33.095 32.24 ,908.1317 ,69.13 ,32.03 ,909.3812 ,100.00
15:28:33.100 32.24 ,908.1317 ,69.13 ,32.03 ,909.3812 ,100.00
15:28:33.134 32.24 ,908.1317 ,69.13 ,32.03 ,909.3812 ,100.00
15:28:33.229 32.16 ,908.1312 ,67.52 ,31.99 ,909.1661 ,100.00
15:28:33.232 32.16 ,908.1312 ,67.52 ,31.99 ,909.1661 ,100.00
15:28:33.242 32.09 ,908.1101 ,66.02 ,31.94 ,909.0898 ,100.00
15:28:33.274 32.09 ,908.1101 ,66.02 ,31.94 ,909.0898 ,100.00
15:28:33.322 32.09 ,908.1101 ,66.02 ,31.94 ,909.0898 ,100.00
15:28:33.331 32.09 ,908.1101 ,66.02 ,31.94 ,909.0898 ,100.00
15:28:33.364 32.02 ,908.0854 ,66.20 ,31.90 ,909.1340 ,100.00
15:28:33.407 32.02 ,908.0854 ,66.20 ,31.90 ,909.1340 ,100.00
15:28:33.414 32.02 ,908.0854 ,66.20 ,31.90 ,909.1340 ,100.00
15:28:33.447 31.99 ,908.0298 ,67.33 ,31.89 ,909.2035 ,100.00
15:28:33.489 31.99 ,908.0298 ,67.33 ,31.89 ,909.2035 ,100.00
15:28:33.497 31.99 ,908.0298 ,67.33 ,31.89 ,909.2035 ,100.00
15:28:33.529 31.99 ,908.0267 ,68.49 ,31.89 ,909.2035 ,100.00
15:28:33.576 32.02 ,908.0267 ,68.49 ,31.91 ,909.3169 ,100.00
15:28:33.583 32.02 ,908.0267 ,68.49 ,31.91 ,909.3169 ,100.00
15:28:33.618 32.02 ,908.0267 ,68.49 ,31.91 ,909.3169 ,100.00
15:28:33.656 32.07 ,908.0547 ,69.47 ,31.91 ,909.3169 ,100.00
15:28:33.664 32.07 ,908.0547 ,69.47 ,31.92 ,909.4619 ,100.00
15:28:33.697 32.07 ,908.0547 ,69.47 ,31.92 ,909.4619 ,100.00
15:28:33.728 32.07 ,908.0547 ,69.47 ,31.92 ,909.4619 ,100.00
15:28:33.735 32.12 ,908.0542 ,70.47 ,31.95 ,909.4732 ,100.00
15:28:33.768 32.12 ,908.0542 ,70.47 ,31.95 ,909.4732 ,100.00
15:28:33.810 32.12 ,908.0542 ,70.47 ,31.95 ,909.4732 ,100.00
15:28:33.816 32.12 ,908.0542 ,70.47 ,31.97 ,909.7242 ,100.00
15:28:33.850 32.17 ,908.0644 ,71.37 ,31.97 ,909.7242 ,100.00
15:28:33.898 32.17 ,908.0644 ,71.37 ,31.97 ,909.7242 ,100.00
15:28:33.904 32.17 ,908.0644 ,71.37 ,31.97 ,909.7242 ,100.00
15:28:33.937 32.22 ,908.0339 ,71.48 ,32.01 ,909.8996 ,100.00
15:28:33.979 32.22 ,908.0339 ,71.48 ,32.01 ,909.8996 ,100.00
15:28:33.986 32.22 ,908.0339 ,71.48 ,32.01 ,909.8996 ,100.00
15:28:34.019 32.24 ,908.0311 ,70.68 ,32.01 ,909.8996 ,100.00
15:28:34.061 32.24 ,908.0311 ,70.68 ,32.04 ,909.9192 ,100.00
15:28:34.069 32.24 ,908.0311 ,70.68 ,32.04 ,909.9192 ,100.00
15:28:34.144 32.24 ,908.0311 ,70.68 ,32.04 ,909.9192 ,100.00
15:28:34.150 32.22 ,908.0781 ,69.63 ,32.04 ,909.9192 ,100.00
15:28:34.158 32.22 ,908.0781 ,69.63 ,32.06 ,909.9025 ,100.00
15:28:34.192 32.22 ,908.0781 ,69.63 ,32.06 ,909.9025 ,100.00
15:28:34.233 32.22 ,908.0781 ,69.63 ,32.06 ,909.9025 ,100.00
15:28:34.239 32.18 ,908.0964 ,67.88 ,32.06 ,909.8608 ,100.00
15:28:34.272 32.18 ,908.0964 ,67.88 ,32.06 ,909.8608 ,100.00
15:28:34.327 32.18 ,908.0964 ,67.88 ,32.06 ,909.8608 ,100.00
15:28:34.333 32.18 ,908.0964 ,67.88 ,32.04 ,909.6829 ,100.00
15:28:34.368 32.12 ,908.1021 ,66.36 ,32.04 ,909.6829 ,100.00
15:28:34.458 32.12 ,908.1021 ,66.36 ,32.04 ,909.6829 ,100.00
15:28:34.461 32.12 ,908.1021 ,66.36 ,32.02 ,909.6595 ,100.00
15:28:34.495 32.07 ,908.0865 ,65.57 ,32.02 ,909.6595 ,100.00
15:28:34.542 32.03 ,908.0468 ,66.38 ,32.02 ,909.6595 ,100.00
15:28:34.550 32.03 ,908.0468 ,66.38 ,32.00 ,909.6972 ,100.00
15:28:34.583 32.03 ,908.0468 ,66.38 ,32.00 ,909.6972 ,100.00
15:28:34.626 32.03 ,908.0468 ,66.38 ,32.00 ,909.6972 ,100.00
15:28:34.633 32.03 ,908.0184 ,67.51 ,32.00 ,909.7442 ,100.00
15:28:34.667 32.03 ,908.0184 ,67.51 ,32.00 ,909.7442 ,100.00
15:28:34.701 32.03 ,908.0184 ,67.51 ,32.00 ,909.7442 ,100.00
15:28:34.707 32.03 ,908.0184 ,68.64 ,32.01 ,909.8766 ,100.00
15:28:34.741 32.07 ,908.0051 ,68.64 ,32.01 ,909.8766 ,100.00
15:28:34.785 32.07 ,908.0051 ,68.64 ,32.01 ,909.8766 ,100.00
15:28:34.791 32.07 ,908.0051 ,68.64 ,32.01 ,909.8766 ,100.00
15:28:34.824 32.13 ,908.0442 ,69.85 ,32.03 ,909.9695 ,100.00
15:28:34.867 32.13 ,908.0442 ,69.85 ,32.03 ,909.9695 ,100.00
15:28:34.872 32.13 ,908.0442 ,69.85 ,32.03 ,909.9695 ,100.00
15:28:34.907 32.20 ,908.0369 ,69.43 ,32.03 ,909.9695 ,100.00
15:28:34.951 32.20 ,908.0369 ,69.43 ,32.06 ,909.9808 ,100.00
15:28:34.958 32.20 ,908.0369 ,69.43 ,32.06 ,909.9808 ,100.00
15:28:34.990 32.20 ,908.0369 ,69.43 ,32.06 ,909.9808 ,100.00
15:28:35.034 32.22 ,908.0410 ,67.88 ,32.06 ,909.9808 ,100.00
15:28:35.039 32.22 ,908.0410 ,67.88 ,32.08 ,909.8667 ,100.00
15:28:35.073 32.22 ,908.0410 ,67.88 ,32.08 ,909.8667 ,100.00
15:28:35.118 32.22 ,908.0410 ,66.33 ,32.08 ,909.8667 ,100.00
15:28:35.124 32.19 ,908.0633 ,66.32 ,32.07 ,909.7722 ,100.00
15:28:35.157 32.19 ,908.0633 ,66.32 ,32.07 ,909.7722 ,100.00
15:28:35.203 32.19 ,908.0633 ,66.32 ,32.07 ,909.7722 ,100.00
15:28:35.211 32.13 ,908.0566 ,65.04 ,32.05 ,909.5873 ,100.00
15:28:35.244 32.13 ,908.0566 ,65.04 ,32.05 ,909.5873 ,100.00
15:28:35.285 32.13 ,908.0566 ,65.04 ,32.05 ,909.5873 ,100.00
15:28:35.293 32.13 ,908.0566 ,65.04 ,32.05 ,909.5873 ,100.00
15:28:35.325 32.08 ,908.0587 ,63.87 ,32.01 ,909.5306 ,100.00
15:28:35.369 32.08 ,908.0587 ,63.87 ,32.01 ,909.5306 ,100.00
15:28:35.374 32.08 ,908.0587 ,63.87 ,32.01 ,909.5306 ,100.00
15:28:35.433 32.03 ,908.0327 ,63.00 ,32.01 ,909.5306 ,100.00
15:28:35.453 32.03 ,908.0327 ,63.00 ,31.99 ,909.7004 ,100.00
15:28:35.461 32.03 ,908.0327 ,63.00 ,31.99 ,909.7004 ,100.00
15:28:35.496 32.00 ,907.9998 ,64.10 ,31.99 ,909.7004 ,100.00
15:28:35.533 32.00 ,907.9998 ,64.10 ,31.97 ,909.7050 ,100.00
15:28:35.540 32.00 ,907.9998 ,64.10 ,31.97 ,909.7050 ,100.00
15:28:35.577 32.00 ,907.9998 ,64.10 ,31.97 ,909.7050 ,100.00
15:28:35.660 32.01 ,907.9877 ,65.54 ,31.97 ,909.7050 ,100.00
15:28:35.663 32.01 ,907.9877 ,65.54 ,31.97 ,909.5832 ,100.00
15:28:35.671 32.06 ,907.9556 ,66.79 ,31.97 ,909.5832 ,100.00
15:28:35.706 32.06 ,907.9556 ,66.79 ,31.97 ,909.8008 ,100.00
15:28:35.751 32.06 ,907.9556 ,66.79 ,31.99 ,909.8222 ,100.00
15:28:35.757 32.06 ,907.9556 ,66.79 ,31.99 ,909.8222 ,100.00
15:28:35.791 32.14 ,908.0002 ,67.95 ,31.99 ,909.8222 ,100.00
15:28:35.838 32.14 ,908.0002 ,67.95 ,32.01 ,909.8578 ,100.00
15:28:35.842 32.14 ,908.0002 ,67.95 ,32.01 ,909.8578 ,100.00
15:28:35.876 32.20 ,907.9894 ,68.51 ,32.01 ,909.8578 ,100.00
15:28:35.919 32.20 ,907.9894 ,68.51 ,32.01 ,909.8578 ,100.00
15:28:35.925 32.20 ,907.9894 ,68.51 ,32.05 ,910.0069 ,100.00
15:28:35.958 32.20 ,907.9894 ,68.51 ,32.05 ,910.0069 ,100.00
15:28:36.004 32.24 ,908.0100 ,67.62 ,32.05 ,910.0069 ,100.00
15:28:36.009 32.24 ,908.0100 ,67.62 ,32.09 ,910.2255 ,100.00
15:28:36.044 32.24 ,908.0100 ,67.62 ,32.09 ,910.2255 ,100.00
15:28:36.087 32.24 ,908.0100 ,67.62 ,32.09 ,910.2255 ,100.00
15:28:36.093 32.23 ,908.0006 ,66.51 ,32.11 ,910.2905 ,100.00
15:28:36.125 32.23 ,908.0006 ,66.51 ,32.11 ,910.2905 ,100.00
15:28:36.169 32.23 ,908.0006 ,66.51 ,32.11 ,910.2905 ,100.00
15:28:36.175 32.23 ,908.0006 ,66.51 ,32.11 ,910.2905 ,100.00
15:28:36.208 32.20 ,908.0175 ,64.78 ,32.09 ,909.5867 ,100.00
15:28:36.250 32.20 ,908.0175 ,64.78 ,32.09 ,909.5867 ,100.00
15:28:36.258 32.20 ,908.0175 ,64.78 ,32.09 ,909.5867 ,100.00
15:28:36.290 32.14 ,908.0072 ,63.30 ,32.09 ,909.5867 ,100.00
15:28:36.335 32.14 ,908.0072 ,63.30 ,32.07 ,909.8558 ,100.00
15:28:36.343 32.14 ,908.0072 ,63.30 ,32.07 ,909.8558 ,100.00
15:28:36.376 32.08 ,907.9881 ,61.58 ,32.07 ,909.8558 ,100.00
15:28:36.419 32.08 ,907.9881 ,61.58 ,32.07 ,909.8558 ,100.00
15:28:36.426 32.08 ,907.9881 ,61.58 ,32.05 ,909.9684 ,100.00
15:28:36.459 32.08 ,907.8083 ,62.61 ,32.05 ,909.9684 ,100.00
15:28:36.501 32.03 ,907.8083 ,62.61 ,32.05 ,909.9684 ,100.00
15:28:36.507 32.03 ,907.8083 ,62.61 ,32.04 ,909.7644 ,100.00
15:28:36.540 32.03 ,907.8083 ,62.61 ,32.04 ,909.7644 ,100.00
15:28:36.571 32.03 ,907.8084 ,64.45 ,32.04 ,909.7644 ,100.00
15:28:36.579 32.04 ,907.8084 ,64.45 ,32.04 ,909.7589 ,100.00
15:28:36.612 32.04 ,907.8084 ,64.45 ,32.03 ,909.7589 ,100.00
15:28:36.655 32.04 ,907.8084 ,64.45 ,32.03 ,909.7589 ,100.00
15:28:36.661 32.04 ,907.8084 ,64.45 ,32.03 ,909.7589 ,100.00
15:28:36.731 32.10 ,907.8844 ,66.14 ,32.03 ,910.0756 ,100.00
15:28:36.737 32.10 ,907.8844 ,66.14 ,32.03 ,910.0756 ,100.00
15:28:36.744 32.10 ,907.8844 ,66.14 ,32.03 ,910.0756 ,100.00
15:28:36.777 32.21 ,907.8976 ,67.51 ,32.03 ,910.0756 ,100.00
15:28:36.872 32.21 ,907.8976 ,67.51 ,32.05 ,910.2712 ,100.00
15:28:36.875 32.21 ,907.8976 ,67.51 ,32.05 ,910.1799 ,100.00
15:28:36.933 32.30 ,907.9124 ,66.93 ,32.08 ,910.1799 ,100.00
15:28:36.957 32.30 ,907.9124 ,66.93 ,32.08 ,910.1799 ,100.00
15:28:36.962 32.30 ,907.9483 ,67.50 ,32.08 ,910.1799 ,100.00
15:28:37.002 32.32 ,907.9483 ,67.50 ,32.09 ,910.1141 ,100.00
15:28:37.040 32.32 ,907.9483 ,67.50 ,32.09 ,910.1141 ,100.00
15:28:37.074 32.30 ,907.9231 ,66.92 ,32.09 ,910.1141 ,100.00
15:28:37.123 32.30 ,907.9231 ,66.92 ,32.09 ,910.2219 ,100.00
15:28:37.132 32.30 ,907.9231 ,66.92 ,32.11 ,910.2541 ,100.00
15:28:37.164 32.27 ,907.9328 ,67.21 ,32.11 ,910.2541 ,100.00
15:28:37.205 32.27 ,907.9328 ,67.21 ,32.11 ,910.2541 ,100.00
15:28:37.214 32.27 ,907.9328 ,67.21 ,32.12 ,910.2333 ,100.00
15:28:37.247 32.24 ,907.9250 ,67.57 ,32.12 ,910.2333 ,100.00
15:28:37.288 32.24 ,907.9250 ,67.57 ,32.12 ,910.2333 ,100.00
15:28:37.295 32.24 ,907.9250 ,67.57 ,32.12 ,910.1742 ,100.00
15:28:37.328 32.24 ,907.9250 ,67.57 ,32.12 ,910.1742 ,100.00
15:28:37.373 32.23 ,907.9281 ,68.12 ,32.12 ,910.1742 ,100.00
15:28:37.380 32.23 ,907.9281 ,68.12 ,32.12 ,910.1550 ,100.00
15:28:37.413 32.23 ,907.9281 ,68.12 ,32.12 ,910.1550 ,100.00
15:28:37.451 32.23 ,907.9281 ,68.12 ,32.12 ,910.1550 ,100.00
15:28:37.457 32.23 ,907.9055 ,68.86 ,32.12 ,910.1550 ,100.00
15:28:37.490 32.23 ,907.9055 ,68.86 ,32.13 ,910.2369 ,100.00
15:28:37.521 32.23 ,907.9055 ,68.86 ,32.13 ,910.2369 ,100.00
15:28:37.527 32.23 ,907.9055 ,68.86 ,32.13 ,910.2369 ,100.00
15:28:37.561 32.25 ,907.9500 ,69.28 ,32.13 ,910.2369 ,100.00
15:28:37.604 32.25 ,907.9500 ,69.28 ,32.13 ,910.2369 ,100.00
15:28:37.611 32.25 ,907.9500 ,69.28 ,32.14 ,910.2946 ,100.00
15:28:37.645 32.26 ,907.9468 ,69.63 ,32.14 ,910.2946 ,100.00
15:28:37.686 32.26 ,907.9468 ,69.63 ,32.14 ,910.2946 ,100.00
15:28:37.692 32.26 ,907.9468 ,69.63 ,32.15 ,910.2969 ,100.00
15:28:37.725 32.26 ,907.9468 ,69.63 ,32.15 ,910.2969 ,100.00
15:28:37.768 32.27 ,907.9417 ,68.92 ,32.15 ,910.2969 ,100.00
15:28:37.775 32.27 ,907.9417 ,68.92 ,32.15 ,910.3699 ,100.00
15:28:37.809 32.27 ,907.9417 ,68.92 ,32.15 ,910.3699 ,100.00
15:28:37.851 32.27 ,907.9417 ,67.31 ,32.15 ,910.3699 ,100.00
15:28:37.857 32.25 ,907.9342 ,67.31 ,32.15 ,910.3699 ,100.00
15:28:37.890 32.25 ,907.9342 ,67.31 ,32.14 ,910.3663 ,100.00
15:28:37.936 32.25 ,907.9342 ,67.31 ,32.14 ,910.3663 ,100.00
15:28:37.943 32.25 ,907.9331 ,65.49 ,32.14 ,910.3663 ,100.00
15:28:37.977 32.21 ,907.9331 ,65.49 ,32.14 ,910.3134 ,100.00
15:28:38.025 32.21 ,907.9331 ,65.49 ,32.13 ,910.3134 ,100.00
15:28:38.031 32.21 ,907.9331 ,65.49 ,32.13 ,910.3134 ,100.00
15:28:38.066 32.16 ,907.9600 ,63.90 ,32.13 ,910.3134 ,100.00
15:28:38.156 32.16 ,907.9600 ,63.90 ,32.11 ,910.2766 ,100.00
15:28:38.160 32.16 ,907.9600 ,63.90 ,32.10 ,910.2517 ,100.00
15:28:38.220 32.10 ,907.9355 ,63.62 ,32.10 ,910.2517 ,100.00
15:28:38.240 32.10 ,907.9355 ,63.62 ,32.10 ,910.2517 ,100.00
15:28:38.248 32.07 ,907.9186 ,64.97 ,32.10 ,910.2517 ,100.00
15:28:38.282 32.07 ,907.9186 ,64.97 ,32.08 ,910.2148 ,100.00
15:28:38.324 32.07 ,907.9186 ,64.97 ,32.08 ,910.2148 ,100.00
15:28:38.328 32.09 ,907.9141 ,66.55 ,32.08 ,910.2148 ,100.00
15:28:38.365 32.09 ,907.9141 ,66.55 ,32.08 ,910.2148 ,100.00
15:28:38.398 32.09 ,907.9141 ,66.55 ,32.08 ,910.3141 ,100.00
15:28:38.404 32.09 ,907.9141 ,67.89 ,32.08 ,910.3141 ,100.00
15:28:38.441 32.15 ,907.8750 ,67.89 ,32.08 ,910.3141 ,100.00
15:28:38.472 32.15 ,907.8750 ,67.89 ,32.08 ,910.3141 ,100.00
15:28:38.477 32.15 ,907.8750 ,67.89 ,32.09 ,910.4361 ,100.00
15:28:38.513 32.23 ,907.9052 ,68.75 ,32.09 ,910.4361 ,100.00
15:28:38.556 32.23 ,907.9052 ,68.75 ,32.09 ,910.4361 ,100.00
15:28:38.561 32.23 ,907.9052 ,68.75 ,32.11 ,910.5325 ,100.00
15:28:38.597 32.23 ,907.9052 ,68.75 ,32.11 ,910.5325 ,100.00
15:28:38.635 32.28 ,907.8871 ,67.88 ,32.11 ,910.5325 ,100.00
15:28:38.640 32.28 ,907.8871 ,67.88 ,32.11 ,910.5325 ,100.00
15:28:38.677 32.28 ,907.8871 ,67.88 ,32.13 ,910.6217 ,100.00
15:28:38.717 32.28 ,907.8871 ,67.88 ,32.13 ,910.6217 ,100.00
15:28:38.722 32.28 ,907.9171 ,65.97 ,32.13 ,910.6217 ,100.00
15:28:38.759 32.28 ,907.9171 ,65.97 ,32.13 ,910.6217 ,100.00
15:28:38.798 32.28 ,907.9171 ,65.97 ,32.14 ,910.6135 ,100.00
15:28:38.804 32.28 ,907.9171 ,64.06 ,32.14 ,910.6135 ,100.00
15:28:38.841 32.22 ,907.9138 ,64.06 ,32.14 ,910.6135 ,100.00
15:28:38.863 32.22 ,907.9138 ,64.06 ,32.14 ,910.6135 ,100.00
15:28:38.869 32.22 ,907.9138 ,64.06 ,32.15 ,910.4031 ,100.00
15:28:38.904 32.16 ,907.9175 ,62.21 ,32.15 ,910.4031 ,100.00
15:28:38.929 32.16 ,907.9175 ,62.21 ,32.15 ,910.4031 ,100.00
15:28:38.935 32.16 ,907.9175 ,62.21 ,32.15 ,910.4031 ,100.00
15:28:38.971 32.16 ,907.9175 ,62.21 ,32.12 ,910.3517 ,100.00
15:28:38.992 32.16 ,907.9175 ,62.21 ,32.12 ,910.3517 ,100.00
15:28:38.998 32.08 ,907.9387 ,60.67 ,32.12 ,910.3517 ,100.00
15:28:39.034 32.08 ,907.9387 ,60.67 ,32.12 ,910.3517 ,100.00
15:28:39.067 32.08 ,907.9387 ,60.67 ,32.12 ,910.3517 ,100.00
15:28:39.073 32.08 ,907.9387 ,60.67 ,32.08 ,910.2531 ,100.00
15:28:39.108 32.03 ,907.8011 ,60.69 ,32.08 ,910.2531 ,100.00
15:28:39.180 32.03 ,907.8011 ,60.69 ,32.08 ,910.2531 ,100.00
15:28:39.184 32.03 ,907.8011 ,61.88 ,32.04 ,910.1038 ,100.00
15:28:39.219 32.00 ,907.8851 ,61.88 ,32.04 ,910.1038 ,100.00
15:28:39.264 32.00 ,907.8851 ,61.88 ,32.04 ,910.1038 ,100.00
15:28:39.270 32.00 ,907.8851 ,61.88 ,32.02 ,910.0789 ,100.00
15:28:39.333 32.03 ,907.8489 ,63.52 ,32.02 ,910.0789 ,100.00
15:28:39.397 32.03 ,907.8489 ,63.52 ,32.02 ,910.0789 ,100.00
15:28:39.433 32.08 ,907.8961 ,65.25 ,32.02 ,910.2078 ,100.00
15:28:39.470 32.08 ,907.8961 ,65.25 ,32.02 ,910.2078 ,100.00
15:28:39.479 32.08 ,907.8961 ,65.25 ,32.02 ,910.2566 ,100.00
15:28:39.494 32.14 ,907.6947 ,67.16 ,32.02 ,910.2566 ,100.00
15:28:39.548 32.14 ,907.6947 ,67.16 ,32.02 ,910.2566 ,100.00
15:28:39.556 32.14 ,907.6947 ,67.16 ,32.02 ,910.2566 ,100.00
15:28:39.589 32.23 ,907.8222 ,68.46 ,32.04 ,910.3596 ,100.00
15:28:39.632 32.23 ,907.8222 ,68.46 ,32.04 ,910.3596 ,100.00
15:28:39.640 32.23 ,907.8222 ,68.46 ,32.04 ,910.3500 ,100.00
15:28:39.674 32.23 ,907.8222 ,68.46 ,32.07 ,910.3500 ,100.00
15:28:39.705 32.32 ,907.8298 ,68.76 ,32.07 ,910.3500 ,100.00
15:28:39.755 32.32 ,907.8298 ,68.76 ,32.07 ,910.3500 ,100.00
15:28:39.759 32.32 ,907.8298 ,68.76 ,32.07 ,910.3500 ,100.00
15:28:39.765 32.32 ,907.8298 ,67.51 ,32.11 ,910.5374 ,100.00
15:28:39.801 32.37 ,907.8014 ,67.51 ,32.11 ,910.5374 ,100.00
15:28:39.844 32.37 ,907.8014 ,67.51 ,32.11 ,910.5374 ,100.00
15:28:39.849 32.37 ,907.8014 ,67.51 ,32.12 ,910.7084 ,100.00
15:28:39.886 32.34 ,907.8602 ,66.66 ,32.12 ,910.7084 ,100.00
15:28:39.929 32.34 ,907.8602 ,66.66 ,32.12 ,910.7084 ,100.00
15:28:39.932 32.34 ,907.8602 ,66.66 ,32.12 ,910.7084 ,100.00
15:28:39.966 32.34 ,907.8602 ,66.66 ,32.14 ,910.4567 ,100.00
15:28:40.008 32.26 ,907.8495 ,66.05 ,32.14 ,910.4567 ,100.00
15:28:40.013 32.26 ,907.8495 ,66.05 ,32.14 ,910.4567 ,100.00
15:28:40.049 32.26 ,907.8495 ,66.05 ,32.14 ,910.4567 ,100.00
15:28:40.090 32.26 ,907.8495 ,66.05 ,32.13 ,910.3450 ,100.00
15:28:40.095 32.20 ,907.8445 ,64.96 ,32.13 ,910.3450 ,100.00
15:28:40.132 32.20 ,907.8445 ,64.96 ,32.13 ,910.3450 ,100.00
15:28:40.171 32.20 ,907.8445 ,64.96 ,32.13 ,910.5330 ,100.00
15:28:40.176 32.20 ,907.8445 ,65.33 ,32.12 ,910.5153 ,100.00
15:28:40.214 32.14 ,907.8289 ,65.33 ,32.12 ,910.5153 ,100.00
15:28:40.286 32.14 ,907.8289 ,65.33 ,32.12 ,910.5153 ,100.00
15:28:40.291 32.14 ,907.8289 ,66.22 ,32.10 ,910.5825 ,100.00
15:28:40.324 32.11 ,907.7327 ,66.22 ,32.10 ,910.5825 ,100.00
15:28:40.370 32.11 ,907.7327 ,66.22 ,32.10 ,910.5825 ,100.00
15:28:40.375 32.11 ,907.7327 ,67.93 ,32.12 ,910.3655 ,100.00
15:28:40.411 32.12 ,907.7294 ,67.93 ,32.12 ,910.3655 ,100.00
15:28:40.450 32.12 ,907.7294 ,67.93 ,32.12 ,910.3655 ,100.00
15:28:40.456 32.12 ,907.7681 ,68.95 ,32.11 ,910.4194 ,100.00
15:28:40.494 32.18 ,907.7681 ,68.95 ,32.11 ,910.4194 ,100.00
15:28:40.535 32.18 ,907.7681 ,68.95 ,32.11 ,910.4194 ,100.00
15:28:40.568 32.25 ,907.7664 ,68.64 ,32.10 ,910.4501 ,100.00
15:28:40.672 32.25 ,907.7664 ,68.64 ,32.10 ,910.4501 ,100.00
15:28:40.681 32.25 ,907.7664 ,68.64 ,32.10 ,910.4501 ,100.00
15:28:40.714 32.28 ,907.7935 ,67.54 ,32.14 ,910.5627 ,100.00
15:28:40.758 32.28 ,907.7935 ,67.54 ,32.14 ,910.5627 ,100.00
15:28:40.766 32.28 ,907.7935 ,67.54 ,32.15 ,910.5614 ,100.00
15:28:40.824 32.25 ,907.8157 ,66.05 ,32.15 ,910.5614 ,100.00
15:28:40.841 32.25 ,907.8157 ,66.05 ,32.15 ,910.5614 ,100.00
15:28:40.846 32.25 ,907.8513 ,65.05 ,32.16 ,910.4485 ,100.00
15:28:40.884 32.19 ,907.8513 ,65.05 ,32.16 ,910.4485 ,100.00
15:28:40.925 32.19 ,907.8513 ,65.05 ,32.16 ,910.4485 ,100.00
15:28:40.959 32.12 ,907.7628 ,65.15 ,32.15 ,910.5317 ,100.00
15:28:41.001 32.12 ,907.7628 ,65.15 ,32.15 ,910.5317 ,100.00
15:28:41.010 32.12 ,907.7628 ,65.15 ,32.15 ,910.5317 ,100.00
15:28:41.043 32.12 ,907.7628 ,65.15 ,32.14 ,910.4186 ,100.00
15:28:41.082 32.08 ,907.7815 ,66.50 ,32.14 ,910.4186 ,100.00
15:28:41.090 32.08 ,907.7815 ,66.50 ,32.14 ,910.4186 ,100.00
15:28:41.123 32.08 ,907.7815 ,66.50 ,32.14 ,910.4186 ,100.00
15:28:41.167 32.08 ,907.7815 ,66.50 ,32.14 ,910.3521 ,100.00
15:28:41.177 32.11 ,907.7678 ,67.84 ,32.14 ,910.3521 ,100.00
15:28:41.209 32.11 ,907.7678 ,67.84 ,32.14 ,910.3521 ,100.00
15:28:41.246 32.11 ,907.7678 ,67.84 ,32.14 ,910.3521 ,100.00
15:28:41.254 32.11 ,907.7678 ,67.84 ,32.14 ,910.3506 ,100.00
15:28:41.287 32.17 ,907.7853 ,69.07 ,32.14 ,910.3506 ,100.00
15:28:41.316 32.17 ,907.7853 ,69.07 ,32.14 ,910.3506 ,100.00
15:28:41.327 32.17 ,907.7853 ,69.07 ,32.14 ,910.1451 ,100.00
15:28:41.336 32.24 ,907.7609 ,70.54 ,32.14 ,910.1451 ,100.00
15:28:41.354 32.24 ,907.7609 ,70.54 ,32.14 ,910.1451 ,100.00
15:28:41.409 32.24 ,907.7609 ,70.54 ,32.14 ,910.1451 ,100.00
15:28:41.421 32.24 ,907.7609 ,70.54 ,32.14 ,910.1451 ,100.00
15:28:41.429 32.33 ,907.8088 ,70.63 ,32.16 ,910.2728 ,100.00
15:28:41.498 32.33 ,907.8088 ,70.63 ,32.16 ,910.2728 ,100.00
15:28:41.504 32.33 ,907.8088 ,70.63 ,32.16 ,910.2728 ,100.00
15:28:41.516 32.33 ,907.8088 ,70.63 ,32.16 ,910.2728 ,100.00
15:28:41.525 32.37 ,907.8191 ,69.28 ,32.18 ,910.1881 ,100.00
15:28:41.564 32.37 ,907.8191 ,69.28 ,32.18 ,910.1881 ,100.00
15:28:41.593 32.37 ,907.8191 ,69.28 ,32.18 ,910.1881 ,100.00
15:28:41.602 32.37 ,907.8191 ,69.28 ,32.18 ,910.1881 ,100.00
15:28:41.636 32.37 ,907.8191 ,69.28 ,32.17 ,910.0779 ,100.00
15:28:41.678 32.34 ,907.8179 ,67.62 ,32.17 ,910.0779 ,100.00
15:28:41.686 32.34 ,907.8179 ,67.62 ,32.17 ,910.0779 ,100.00
15:28:41.720 32.34 ,907.8179 ,67.62 ,32.17 ,910.0779 ,100.00
15:28:41.760 32.25 ,907.8033 ,65.73 ,32.10 ,909.3971 ,100.00
15:28:41.767 32.25 ,907.8033 ,65.73 ,32.10 ,909.3971 ,100.00
15:28:41.801 32.25 ,907.8033 ,65.73 ,32.10 ,909.3971 ,100.00
15:28:41.842 32.25 ,907.8033 ,65.73 ,32.10 ,909.3971 ,100.00
15:28:41.849 32.15 ,907.8256 ,63.68 ,32.00 ,908.6113 ,100.00
15:28:41.909 32.15 ,907.8256 ,63.68 ,32.00 ,908.6113 ,100.00
15:28:41.978 32.15 ,907.8256 ,63.68 ,32.00 ,908.6113 ,100.00
15:28:41.986 32.15 ,907.8256 ,62.11 ,31.88 ,908.1691 ,100.00
15:28:42.024 32.06 ,907.8621 ,62.11 ,31.88 ,908.1691 ,100.00
15:28:42.066 31.99 ,907.8372 ,60.78 ,31.76 ,908.1627 ,100.00
15:28:42.069 31.99 ,907.8372 ,60.78 ,31.76 ,908.1627 ,100.00
15:28:42.142 31.99 ,907.8372 ,60.78 ,31.76 ,908.1627 ,100.00
15:28:42.149 31.99 ,907.8372 ,60.78 ,31.68 ,908.1169 ,100.00
15:28:42.154 31.93 ,907.8321 ,59.43 ,31.68 ,908.1169 ,100.00
15:28:42.193 31.93 ,907.8321 ,59.43 ,31.68 ,908.1169 ,100.00
15:28:42.229 31.93 ,907.8321 ,59.43 ,31.68 ,908.1169 ,100.00
15:28:42.263 31.89 ,907.8186 ,58.12 ,31.64 ,908.0809 ,100.00
15:28:42.296 31.89 ,907.8186 ,58.12 ,31.64 ,908.0809 ,100.00
15:28:42.305 31.89 ,907.8186 ,58.12 ,31.64 ,908.0809 ,100.00
15:28:42.339 31.85 ,907.8141 ,56.94 ,31.60 ,908.0295 ,100.00
15:28:42.379 31.85 ,907.8141 ,56.94 ,31.60 ,908.0295 ,100.00
15:28:42.386 31.85 ,907.8141 ,56.94 ,31.60 ,908.0295 ,100.00
15:28:42.419 31.82 ,907.8080 ,55.93 ,31.57 ,908.0634 ,100.00
15:28:42.461 31.82 ,907.8080 ,55.93 ,31.57 ,908.0634 ,100.00
15:28:42.467 31.82 ,907.8080 ,55.93 ,31.57 ,908.0634 ,100.00
15:28:42.501 31.82 ,907.8080 ,55.93 ,31.57 ,908.0634 ,100.00
15:28:42.544 31.79 ,907.7961 ,54.84 ,31.55 ,908.2523 ,100.00
15:28:42.550 31.79 ,907.7961 ,54.84 ,31.55 ,908.2523 ,100.00
15:28:42.586 31.79 ,907.7961 ,54.84 ,31.55 ,908.2523 ,100.00
15:28:42.624 31.79 ,907.7961 ,54.84 ,31.55 ,908.2523 ,100.00
15:28:42.629 31.76 ,907.8254 ,54.14 ,31.55 ,908.4244 ,100.00
15:28:42.665 31.76 ,907.8254 ,54.14 ,31.55 ,908.4244 ,100.00
15:28:42.704 31.76 ,907.8254 ,54.14 ,31.55 ,908.4244 ,100.00
15:28:42.710 31.76 ,907.8254 ,54.01 ,31.56 ,908.5295 ,100.00
15:28:42.745 31.73 ,907.7911 ,54.01 ,31.56 ,908.5295 ,100.00
15:28:42.789 31.73 ,907.7911 ,54.01 ,31.56 ,908.5295 ,100.00
15:28:42.795 31.73 ,907.7911 ,54.83 ,31.59 ,908.6294 ,100.00
15:28:42.830 31.71 ,907.7695 ,54.83 ,31.59 ,908.6294 ,100.00
15:28:42.859 31.71 ,907.7695 ,54.83 ,31.59 ,908.6294 ,100.00
15:28:42.865 31.71 ,907.7695 ,54.83 ,31.59 ,908.6294 ,100.00
15:28:42.899 31.71 ,907.7695 ,54.83 ,31.59 ,908.6294 ,100.00
15:28:42.910 31.71 ,907.6052 ,57.69 ,31.60 ,908.6365 ,100.00
15:28:42.916 31.71 ,907.6052 ,57.69 ,31.60 ,908.6365 ,100.00
15:28:42.950 31.71 ,907.6052 ,57.69 ,31.60 ,908.6365 ,100.00
15:28:42.958 31.71 ,907.6052 ,57.69 ,31.60 ,908.6365 ,100.00
15:28:42.965 31.71 ,907.6052 ,57.69 ,31.60 ,908.6365 ,100.00
15:28:43.003 31.71 ,907.6052 ,60.96 ,31.60 ,908.6365 ,100.00
15:28:43.012 31.77 ,907.5662 ,60.96 ,31.62 ,908.7537 ,100.00
15:28:43.047 31.77 ,907.5662 ,60.96 ,31.62 ,908.7537 ,100.00
15:28:43.060 31.77 ,907.5662 ,60.96 ,31.62 ,908.7537 ,100.00
15:28:43.071 31.77 ,907.5662 ,60.96 ,31.62 ,908.7537 ,100.00
15:28:43.105 31.77 ,907.4353 ,63.88 ,31.62 ,908.7537 ,100.00
15:28:43.164 31.88 ,907.4353 ,63.88 ,31.67 ,908.8384 ,100.00
15:28:43.172 31.88 ,907.4353 ,63.88 ,31.67 ,908.8384 ,100.00
15:28:43.189 32.01 ,907.5269 ,66.03 ,31.67 ,908.8384 ,100.00
15:28:43.231 32.01 ,907.5269 ,66.03 ,31.73 ,909.1620 ,100.00
15:28:43.240 32.01 ,907.5269 ,66.03 ,31.73 ,909.1620 ,100.00
15:28:43.273 32.01 ,907.5269 ,66.03 ,31.73 ,909.1620 ,100.00
15:28:43.286 32.01 ,907.5269 ,66.03 ,31.73 ,909.1620 ,100.00
15:28:43.293 32.15 ,907.5887 ,67.91 ,31.73 ,909.6475 ,100.00
15:28:43.327 32.15 ,907.5887 ,67.91 ,31.79 ,909.6475 ,100.00
15:28:43.347 32.15 ,907.5887 ,67.91 ,31.79 ,909.6475 ,100.00
15:28:43.355 32.15 ,907.5887 ,67.91 ,31.79 ,909.6475 ,100.00
15:28:43.387 32.15 ,907.5887 ,67.91 ,31.79 ,909.6475 ,100.00
15:28:43.419 32.26 ,907.6888 ,69.29 ,31.86 ,909.8687 ,100.00
15:28:43.426 32.26 ,907.6888 ,69.29 ,31.86 ,909.8687 ,100.00
15:28:43.442 32.26 ,907.6888 ,69.29 ,31.86 ,909.8687 ,100.00
15:28:43.482 32.26 ,907.6888 ,69.29 ,31.86 ,909.8687 ,100.00
15:28:43.493 32.37 ,907.7377 ,69.93 ,31.86 ,909.8687 ,100.00
15:28:43.501 32.37 ,907.7377 ,69.93 ,31.93 ,910.0886 ,100.00
15:28:43.534 32.37 ,907.7377 ,69.93 ,31.93 ,910.0886 ,100.00
15:28:43.548 32.37 ,907.7377 ,69.93 ,31.93 ,910.0886 ,100.00
15:28:43.554 32.37 ,907.7377 ,69.93 ,31.93 ,910.0886 ,100.00
15:28:43.590 32.37 ,907.7377 ,69.41 ,31.93 ,910.0886 ,100.00
15:28:43.597 32.42 ,907.7567 ,69.41 ,32.01 ,910.4056 ,100.00
15:28:43.604 32.42 ,907.7567 ,69.41 ,32.01 ,910.4056 ,100.00
15:28:43.641 32.42 ,907.7567 ,69.41 ,32.01 ,910.4056 ,100.00
15:28:43.663 32.42 ,907.7567 ,69.41 ,32.01 ,910.4056 ,100.00
15:28:43.698 32.41 ,907.8236 ,68.21 ,32.01 ,910.4056 ,100.00
15:28:43.709 32.41 ,907.8236 ,68.21 ,32.05 ,910.4105 ,100.00
15:28:43.718 32.41 ,907.8236 ,68.21 ,32.05 ,910.4105 ,100.00
15:28:43.750 32.41 ,907.8236 ,68.21 ,32.05 ,910.4105 ,100.00
15:28:43.770 32.41 ,907.8236 ,68.21 ,32.05 ,910.4105 ,100.00
15:28:43.777 32.41 ,907.8236 ,68.95 ,32.05 ,910.4105 ,100.00
15:28:43.810 32.33 ,907.7558 ,68.95 ,32.06 ,910.3325 ,100.00
15:28:43.822 32.33 ,907.7558 ,68.95 ,32.06 ,910.3325 ,100.00
15:28:43.827 32.33 ,907.7558 ,68.95 ,32.06 ,910.3325 ,100.00
15:28:43.864 32.33 ,907.7558 ,68.95 ,32.06 ,910.3325 ,100.00
15:28:43.880 32.33 ,907.7558 ,68.95 ,32.06 ,910.3325 ,100.00
15:28:43.885 32.28 ,907.7615 ,69.64 ,32.08 ,910.3594 ,100.00
15:28:43.920 32.28 ,907.7615 ,69.64 ,32.08 ,910.3594 ,100.00
15:28:43.935 32.28 ,907.7615 ,69.64 ,32.08 ,910.3594 ,100.00
15:28:43.940 32.28 ,907.7615 ,69.64 ,32.08 ,910.3594 ,100.00
15:28:43.977 32.28 ,907.7615 ,69.64 ,32.08 ,910.3594 ,100.00
15:28:43.986 32.27 ,907.7402 ,70.18 ,32.08 ,910.3594 ,100.00
15:28:43.991 32.27 ,907.7402 ,70.18 ,32.09 ,910.4430 ,100.00
15:28:44.028 32.27 ,907.7402 ,70.18 ,32.09 ,910.4430 ,100.00
15:28:44.046 32.27 ,907.7402 ,70.18 ,32.09 ,910.4430 ,100.00
15:28:44.051 32.27 ,907.7402 ,70.18 ,32.09 ,910.4430 ,100.00
15:28:44.088 32.28 ,907.6644 ,70.40 ,32.09 ,910.4430 ,100.00
15:28:44.100 32.28 ,907.6644 ,70.40 ,32.09 ,910.4116 ,100.00
15:28:44.106 32.28 ,907.6644 ,70.40 ,32.09 ,910.4116 ,100.00
15:28:44.140 32.28 ,907.6644 ,70.40 ,32.09 ,910.4116 ,100.00
15:28:44.148 32.28 ,907.6644 ,70.40 ,32.09 ,910.4116 ,100.00
15:28:44.157 32.28 ,907.7032 ,70.66 ,32.09 ,910.4116 ,100.00
15:28:44.193 32.27 ,907.7032 ,70.66 ,32.09 ,910.4046 ,100.00
15:28:44.214 32.27 ,907.7032 ,70.66 ,32.08 ,910.4011 ,100.00
15:28:44.225 32.27 ,907.7032 ,70.66 ,32.08 ,910.4011 ,100.00
15:28:44.262 32.27 ,907.7032 ,70.66 ,32.08 ,910.4011 ,100.00
15:28:44.273 32.27 ,907.7085 ,69.34 ,32.08 ,910.4011 ,100.00
15:28:44.305 32.27 ,907.7085 ,69.34 ,32.10 ,910.4623 ,100.00
15:28:44.359 32.27 ,907.7085 ,69.34 ,32.10 ,910.4623 ,100.00
15:28:44.369 32.27 ,907.7085 ,69.34 ,32.10 ,910.4623 ,100.00
15:28:44.403 32.25 ,907.7098 ,67.97 ,32.11 ,910.5251 ,100.00
15:28:44.411 32.25 ,907.7098 ,67.97 ,32.11 ,910.5251 ,100.00
15:28:44.419 32.25 ,907.7098 ,67.97 ,32.11 ,910.5251 ,100.00
15:28:44.452 32.25 ,907.7098 ,67.97 ,32.11 ,910.5251 ,100.00
15:28:44.461 32.20 ,907.7190 ,66.83 ,32.11 ,910.5251 ,100.00
15:28:44.468 32.20 ,907.7190 ,66.83 ,32.11 ,910.5251 ,100.00
15:28:44.486 32.20 ,907.7190 ,66.83 ,32.09 ,910.3613 ,100.00
15:28:44.528 32.20 ,907.7190 ,66.83 ,32.09 ,910.3613 ,100.00
15:28:44.537 32.20 ,907.7190 ,66.83 ,32.09 ,910.3613 ,100.00
15:28:44.571 32.14 ,907.6733 ,67.97 ,32.09 ,910.3613 ,100.00
15:28:44.578 32.14 ,907.6733 ,67.97 ,32.09 ,910.3613 ,100.00
15:28:44.585 32.14 ,907.6733 ,67.97 ,32.06 ,910.2245 ,100.00
15:28:44.622 32.14 ,907.6733 ,67.97 ,32.06 ,910.2245 ,100.00
15:28:44.635 32.14 ,907.6733 ,67.97 ,32.06 ,910.2245 ,100.00
15:28:44.640 32.14 ,907.6733 ,67.97 ,32.06 ,910.2245 ,100.00
15:28:44.682 32.13 ,907.6555 ,68.68 ,32.06 ,910.2245 ,100.00
15:28:44.701 32.13 ,907.6555 ,68.68 ,32.05 ,910.2053 ,100.00
15:28:44.704 32.13 ,907.6555 ,68.68 ,32.05 ,910.2053 ,100.00
15:28:44.741 32.13 ,907.6555 ,68.68 ,32.05 ,910.2053 ,100.00
15:28:44.757 32.13 ,907.6555 ,68.68 ,32.05 ,910.2053 ,100.00
15:28:44.762 32.15 ,907.6489 ,69.09 ,32.05 ,910.2053 ,100.00
15:28:44.798 32.15 ,907.6489 ,69.09 ,32.05 ,910.1686 ,100.00
15:28:44.812 32.15 ,907.6489 ,69.09 ,32.05 ,910.1686 ,100.00
15:28:44.818 32.15 ,907.6489 ,69.09 ,32.05 ,910.1686 ,100.00
15:28:44.855 32.15 ,907.6489 ,69.09 ,32.05 ,910.1686 ,100.00
15:28:44.869 32.17 ,907.6423 ,69.46 ,32.05 ,910.1686 ,100.00
15:28:44.875 32.17 ,907.6423 ,69.46 ,32.04 ,910.1859 ,100.00
15:28:44.912 32.17 ,907.6423 ,69.46 ,32.04 ,910.1859 ,100.00
15:28:44.920 32.17 ,907.6423 ,69.46 ,32.04 ,910.1859 ,100.00
15:28:44.926 32.17 ,907.6423 ,69.46 ,32.04 ,910.1859 ,100.00
15:28:44.963 32.18 ,907.6794 ,68.58 ,32.04 ,910.1859 ,100.00
15:28:44.971 32.18 ,907.6794 ,68.58 ,32.04 ,910.1859 ,100.00
15:28:44.976 32.18 ,907.6794 ,68.58 ,32.04 ,910.1755 ,100.00
15:28:45.014 32.18 ,907.6794 ,68.58 ,32.04 ,910.1755 ,100.00
15:28:45.035 32.18 ,907.6794 ,68.58 ,32.04 ,910.1755 ,100.00
15:28:45.047 32.16 ,907.6808 ,67.28 ,32.04 ,910.1755 ,100.00
15:28:45.085 32.16 ,907.6808 ,67.28 ,32.04 ,910.2033 ,100.00
15:28:45.097 32.16 ,907.6808 ,67.28 ,32.04 ,910.2033 ,100.00
15:28:45.131 32.16 ,907.6808 ,67.28 ,32.04 ,910.2033 ,100.00
15:28:45.146 32.16 ,907.6808 ,67.28 ,32.04 ,910.2033 ,100.00
15:28:45.156 32.11 ,907.6602 ,65.53 ,32.04 ,910.2033 ,100.00
15:28:45.189 32.11 ,907.6602 ,65.53 ,32.02 ,910.1383 ,100.00
15:28:45.197 32.11 ,907.6602 ,65.53 ,32.02 ,910.1383 ,100.00
15:28:45.205 32.11 ,907.6602 ,65.53 ,32.02 ,910.1383 ,100.00
15:28:45.239 32.11 ,907.6602 ,65.53 ,32.02 ,910.1383 ,100.00
15:28:45.248 32.05 ,907.6816 ,64.71 ,32.02 ,910.1383 ,100.00
15:28:45.254 32.05 ,907.6816 ,64.71 ,32.02 ,910.1383 ,100.00
15:28:45.291 32.05 ,907.6816 ,64.71 ,32.01 ,909.9793 ,100.00
15:28:45.299 32.05 ,907.6816 ,64.71 ,32.01 ,909.9793 ,100.00
15:28:45.304 32.05 ,907.6816 ,64.71 ,32.01 ,909.9793 ,100.00
15:28:45.346 32.05 ,907.6816 ,64.71 ,32.01 ,909.9793 ,100.00
15:28:45.355 31.99 ,907.5812 ,65.74 ,32.01 ,909.9793 ,100.00
15:28:45.391 31.99 ,907.5812 ,65.74 ,31.99 ,909.9772 ,100.00
15:28:45.411 31.99 ,907.5812 ,65.74 ,31.99 ,909.9772 ,100.00
15:28:45.421 31.99 ,907.5812 ,65.74 ,31.99 ,909.9772 ,100.00
15:28:45.454 31.99 ,907.6181 ,66.99 ,31.99 ,909.9772 ,100.00
15:28:45.463 31.99 ,907.6181 ,66.99 ,31.99 ,909.9772 ,100.00
15:28:45.470 31.99 ,907.6181 ,66.99 ,31.98 ,909.9926 ,100.00
15:28:45.503 31.99 ,907.6181 ,66.99 ,31.98 ,909.9926 ,100.00
15:28:45.514 31.99 ,907.6181 ,66.99 ,31.98 ,909.9926 ,100.00
15:28:45.520 31.99 ,907.6181 ,66.99 ,31.98 ,909.9926 ,100.00
15:28:45.553 32.04 ,907.6389 ,68.32 ,31.98 ,909.9926 ,100.00
15:28:45.565 32.04 ,907.6389 ,68.32 ,31.98 ,909.9926 ,100.00
15:28:45.570 32.04 ,907.6389 ,68.32 ,31.98 ,910.0984 ,100.00
15:28:45.607 32.04 ,907.6389 ,68.32 ,31.98 ,910.0984 ,100.00
15:28:45.627 32.04 ,907.6389 ,68.32 ,31.98 ,910.0984 ,100.00
15:28:45.633 32.04 ,907.5276 ,69.21 ,31.98 ,910.0984 ,100.00
15:28:45.668 32.09 ,907.6033 ,69.21 ,31.98 ,910.0984 ,100.00
15:28:45.726 32.09 ,907.6033 ,69.21 ,31.99 ,910.2191 ,100.00
15:28:45.730 32.09 ,907.6033 ,70.40 ,31.99 ,910.2191 ,100.00
15:28:45.767 32.16 ,907.6260 ,70.40 ,31.99 ,910.2191 ,100.00
15:28:45.798 32.16 ,907.6260 ,70.40 ,32.02 ,910.3505 ,100.00
15:28:45.802 32.16 ,907.6260 ,70.40 ,32.02 ,910.3505 ,100.00
15:28:45.839 32.21 ,907.6203 ,70.86 ,32.02 ,910.3505 ,100.00
15:28:45.854 32.21 ,907.6203 ,70.86 ,32.02 ,910.3505 ,100.00
15:28:45.860 32.21 ,907.6203 ,70.86 ,32.04 ,910.4517 ,100.00
15:28:45.896 32.21 ,907.6203 ,70.86 ,32.04 ,910.4517 ,100.00
15:28:45.934 32.21 ,907.6203 ,70.86 ,32.04 ,910.4517 ,100.00
15:28:45.939 32.21 ,907.6203 ,69.63 ,32.04 ,910.4517 ,100.00
15:28:46.000 32.24 ,907.6160 ,69.63 ,32.05 ,910.4299 ,100.00
15:28:46.015 32.24 ,907.6160 ,69.63 ,32.05 ,910.4299 ,100.00
15:28:46.022 32.24 ,907.6470 ,67.85 ,32.05 ,910.4299 ,100.00
15:28:46.059 32.22 ,907.6470 ,67.85 ,32.05 ,910.4299 ,100.00
15:28:46.099 32.22 ,907.6470 ,67.85 ,32.06 ,910.2960 ,100.00
15:28:46.133 32.15 ,907.6117 ,65.85 ,32.06 ,910.2960 ,100.00
15:28:46.180 32.15 ,907.6117 ,65.85 ,32.06 ,910.2960 ,100.00
15:28:46.189 32.15 ,907.6117 ,65.85 ,32.06 ,910.2960 ,100.00
15:28:46.223 32.15 ,907.6117 ,65.85 ,32.06 ,910.1114 ,100.00
15:28:46.262 32.07 ,907.6060 ,64.14 ,32.06 ,910.1114 ,100.00
15:28:46.271 32.07 ,907.6060 ,64.14 ,32.06 ,910.0972 ,100.00
15:28:46.305 32.07 ,907.6060 ,64.14 ,32.05 ,910.0972 ,100.00
15:28:46.344 32.07 ,907.6060 ,64.14 ,32.05 ,910.0972 ,100.00
15:28:46.351 31.99 ,907.6411 ,62.64 ,32.02 ,910.0059 ,100.00
15:28:46.386 31.99 ,907.6411 ,62.64 ,32.02 ,910.0059 ,100.00
15:28:46.423 31.99 ,907.6411 ,62.64 ,32.02 ,910.0059 ,100.00
15:28:46.430 31.99 ,907.6411 ,62.41 ,32.02 ,910.0059 ,100.00
15:28:46.463 31.93 ,907.6537 ,62.40 ,32.02 ,909.7552 ,100.00
15:28:46.495 31.93 ,907.6537 ,62.40 ,32.02 ,909.7552 ,100.00
15:28:46.501 31.93 ,907.6537 ,62.40 ,32.02 ,909.7552 ,100.00
15:28:46.537 31.90 ,907.5980 ,63.85 ,32.02 ,909.7552 ,100.00
15:28:46.573 31.90 ,907.5980 ,63.85 ,32.02 ,909.7552 ,100.00
15:28:46.579 31.90 ,907.5980 ,63.85 ,32.01 ,909.6903 ,100.00
15:28:46.614 31.90 ,907.5980 ,63.85 ,32.01 ,909.6903 ,100.00
15:28:46.655 31.92 ,907.6111 ,65.35 ,32.01 ,909.6903 ,100.00
15:28:46.663 31.92 ,907.6111 ,65.35 ,32.00 ,909.6536 ,100.00
15:28:46.695 31.92 ,907.6111 ,65.35 ,32.00 ,909.6536 ,100.00
15:28:46.737 31.92 ,907.5387 ,67.10 ,32.00 ,909.6536 ,100.00
15:28:46.743 31.97 ,907.6106 ,67.10 ,32.00 ,909.7181 ,100.00
15:28:46.777 31.97 ,907.6106 ,67.10 ,32.00 ,909.7181 ,100.00
15:28:46.823 31.97 ,907.6106 ,67.10 ,32.00 ,909.7181 ,100.00
15:28:46.827 31.97 ,907.6106 ,68.30 ,32.00 ,909.7181 ,100.00
15:28:46.862 32.05 ,907.6322 ,68.30 ,32.02 ,909.9311 ,100.00
15:28:46.951 32.05 ,907.6322 ,68.30 ,32.02 ,909.9311 ,100.00
15:28:46.957 32.05 ,907.6322 ,68.30 ,32.03 ,909.8948 ,100.00
15:28:46.989 32.12 ,907.6337 ,69.18 ,32.03 ,909.8948 ,100.00
15:28:47.031 32.12 ,907.5667 ,69.30 ,32.03 ,909.8948 ,100.00
15:28:47.038 32.16 ,907.6314 ,69.30 ,32.03 ,910.1512 ,100.00
15:28:47.099 32.16 ,907.6314 ,69.30 ,32.05 ,910.1512 ,100.00
15:28:47.115 32.16 ,907.6314 ,69.30 ,32.05 ,910.1512 ,100.00
15:28:47.123 32.16 ,907.6369 ,67.43 ,32.05 ,910.1512 ,100.00
15:28:47.158 32.17 ,907.6369 ,67.43 ,32.06 ,910.2699 ,100.00
15:28:47.195 32.17 ,907.6369 ,67.43 ,32.06 ,910.2699 ,100.00
15:28:47.201 32.17 ,907.6369 ,66.05 ,32.06 ,910.2699 ,100.00
15:28:47.238 32.12 ,907.6639 ,66.05 ,32.06 ,910.2699 ,100.00
15:28:47.293 32.12 ,907.6639 ,66.05 ,32.05 ,910.0208 ,100.00
15:28:47.298 32.12 ,907.6639 ,65.58 ,32.05 ,910.0208 ,100.00
15:28:47.332 32.05 ,907.6269 ,65.58 ,32.05 ,910.0208 ,100.00
15:28:47.362 32.05 ,907.6269 ,65.58 ,32.05 ,910.0208 ,100.00
15:28:47.368 32.05 ,907.6269 ,65.58 ,32.03 ,910.0079 ,100.00
15:28:47.404 31.99 ,907.5848 ,64.42 ,32.03 ,910.0079 ,100.00
15:28:47.429 31.99 ,907.5848 ,64.42 ,32.03 ,910.0079 ,100.00
15:28:47.435 31.99 ,907.5848 ,64.42 ,32.03 ,910.1209 ,100.00
15:28:47.470 31.99 ,907.5848 ,64.42 ,32.03 ,910.1209 ,100.00
15:28:47.510 31.99 ,907.5848 ,64.42 ,32.03 ,910.1209 ,100.00
15:28:47.517 31.95 ,907.6472 ,63.91 ,32.03 ,910.1209 ,100.00
15:28:47.551 31.95 ,907.6472 ,63.91 ,32.01 ,910.1746 ,100.00
15:28:47.595 31.95 ,907.6472 ,63.91 ,32.01 ,910.1746 ,100.00
15:28:47.602 31.95 ,907.6472 ,64.55 ,32.01 ,910.1746 ,100.00
15:28:47.638 31.92 ,907.6270 ,64.55 ,32.01 ,910.1746 ,100.00
15:28:47.680 31.92 ,907.6270 ,64.55 ,31.99 ,910.1076 ,100.00
15:28:47.685 31.92 ,907.4818 ,66.12 ,31.99 ,910.1076 ,100.00
15:28:47.724 31.91 ,907.4818 ,66.12 ,31.99 ,910.1076 ,100.00
15:28:47.765 31.91 ,907.4818 ,66.12 ,31.99 ,910.1076 ,100.00
15:28:47.798 31.95 ,907.5059 ,67.45 ,31.98 ,910.1110 ,100.00
15:28:47.843 31.95 ,907.5059 ,67.45 ,31.98 ,910.1110 ,100.00
15:28:47.853 31.95 ,907.5059 ,67.45 ,31.98 ,910.1110 ,100.00
15:28:47.886 31.95 ,907.5059 ,67.45 ,31.99 ,910.1964 ,100.00
15:28:47.925 32.04 ,907.5366 ,68.43 ,31.99 ,910.1964 ,100.00
15:28:47.932 32.04 ,907.5366 ,68.43 ,31.99 ,910.3499 ,100.00
15:28:47.967 32.04 ,907.5366 ,68.43 ,32.01 ,910.3499 ,100.00
15:28:48.006 32.04 ,907.5366 ,66.68 ,32.01 ,910.3499 ,100.00
15:28:48.012 32.10 ,907.5541 ,66.68 ,32.01 ,910.3499 ,100.00
15:28:48.046 32.10 ,907.5541 ,66.68 ,32.01 ,910.3120 ,100.00
15:28:48.089 32.10 ,907.5541 ,66.68 ,32.01 ,910.3120 ,100.00
15:28:48.095 32.10 ,907.5541 ,65.34 ,32.01 ,910.3120 ,100.00
15:28:48.129 32.09 ,907.5714 ,65.34 ,32.01 ,910.3120 ,100.00
15:28:48.223 32.09 ,907.5714 ,65.34 ,32.03 ,910.2880 ,100.00
15:28:48.228 32.09 ,907.5714 ,65.34 ,32.02 ,910.1191 ,100.00
15:28:48.261 32.03 ,907.5204 ,63.98 ,32.02 ,910.1191 ,100.00
15:28:48.299 31.97 ,907.5613 ,63.12 ,32.02 ,910.1191 ,100.00
15:28:48.307 31.97 ,907.5613 ,63.12 ,32.02 ,910.1191 ,100.00
15:28:48.340 31.97 ,907.5613 ,63.12 ,32.00 ,910.0471 ,100.00
15:28:48.392 31.97 ,907.5613 ,63.12 ,32.00 ,910.0471 ,100.00
15:28:48.396 31.97 ,907.5123 ,64.51 ,32.00 ,910.0471 ,100.00
15:28:48.429 31.92 ,907.5123 ,64.51 ,32.00 ,910.0471 ,100.00
15:28:48.457 31.92 ,907.5123 ,64.51 ,31.98 ,910.0466 ,100.00
15:28:48.468 31.92 ,907.5123 ,64.51 ,31.98 ,910.0466 ,100.00
15:28:48.502 31.92 ,907.5017 ,66.08 ,31.98 ,910.0466 ,100.00
15:28:48.541 31.92 ,907.5017 ,66.08 ,31.98 ,910.0466 ,100.00
15:28:48.546 31.92 ,907.5017 ,66.08 ,31.98 ,910.1231 ,100.00
15:28:48.606 31.98 ,907.5068 ,67.44 ,31.98 ,910.1231 ,100.00
15:28:48.632 31.98 ,907.5068 ,67.44 ,31.98 ,910.1231 ,100.00
15:28:48.665 31.98 ,907.5068 ,67.44 ,31.99 ,910.2208 ,100.00
15:28:48.709 32.06 ,907.5264 ,68.37 ,31.99 ,910.2208 ,100.00
15:28:48.719 32.06 ,907.5264 ,68.37 ,31.99 ,910.2208 ,100.00
15:28:48.751 32.06 ,907.5264 ,68.37 ,32.01 ,910.2459 ,100.00
15:28:48.788 32.11 ,907.5312 ,67.47 ,32.01 ,910.2459 ,100.00
15:28:48.797 32.11 ,907.5312 ,67.47 ,32.01 ,910.2459 ,100.00
15:28:48.829 32.11 ,907.5312 ,67.47 ,32.01 ,910.2459 ,100.00
15:28:48.870 32.11 ,907.5312 ,67.47 ,32.03 ,910.1750 ,100.00
15:28:48.877 32.11 ,907.5414 ,65.92 ,32.03 ,910.1750 ,100.00
15:28:48.911 32.09 ,907.5414 ,65.92 ,32.03 ,910.1750 ,100.00
15:28:48.956 32.09 ,907.5414 ,65.92 ,32.03 ,910.1750 ,100.00
15:28:48.962 32.09 ,907.5414 ,65.92 ,32.03 ,909.9799 ,100.00
15:28:48.997 32.06 ,907.5527 ,64.49 ,32.03 ,909.9799 ,100.00
15:28:49.039 32.06 ,907.5527 ,64.49 ,32.03 ,909.9799 ,100.00
15:28:49.045 32.06 ,907.5527 ,64.49 ,31.99 ,909.7719 ,100.00
15:28:49.080 31.99 ,907.5811 ,62.95 ,31.99 ,909.7719 ,100.00
15:28:49.118 31.99 ,907.5811 ,62.95 ,31.99 ,909.7719 ,100.00
15:28:49.125 31.99 ,907.5811 ,62.95 ,31.94 ,909.7148 ,100.00
15:28:49.159 31.93 ,907.5390 ,63.08 ,31.94 ,909.7148 ,100.00
15:28:49.195 31.93 ,907.5390 ,63.08 ,31.94 ,909.7148 ,100.00
15:28:49.200 31.93 ,907.5390 ,63.08 ,31.94 ,909.7148 ,100.00
15:28:49.235 31.93 ,907.5390 ,63.08 ,31.91 ,909.7084 ,100.00
15:28:49.269 31.93 ,907.5390 ,64.75 ,31.91 ,909.7084 ,100.00
15:28:49.275 31.90 ,907.4763 ,64.75 ,31.91 ,909.7084 ,100.00
15:28:49.310 31.90 ,907.4763 ,64.75 ,31.91 ,909.7084 ,100.00
15:28:49.399 31.90 ,907.4763 ,64.75 ,31.91 ,909.7762 ,100.00
15:28:49.402 31.90 ,907.4763 ,64.75 ,31.91 ,909.7762 ,100.00
15:28:49.437 31.93 ,907.5195 ,66.34 ,31.91 ,909.8984 ,100.00
15:28:49.478 31.99 ,907.5300 ,67.91 ,31.91 ,909.8984 ,100.00
15:28:49.484 31.99 ,907.5300 ,67.91 ,31.91 ,909.8984 ,100.00
15:28:49.518 31.99 ,907.5300 ,67.91 ,31.91 ,909.8984 ,100.00
15:28:49.564 31.99 ,907.5300 ,67.91 ,31.93 ,910.0345 ,100.00
15:28:49.572 32.07 ,907.5178 ,69.32 ,31.93 ,910.0345 ,100.00
15:28:49.606 32.07 ,907.5178 ,69.32 ,31.93 ,910.0345 ,100.00
15:28:49.644 32.07 ,907.5178 ,69.32 ,31.96 ,910.1520 ,100.00
15:28:49.652 32.07 ,907.5178 ,69.32 ,31.96 ,910.1520 ,100.00
15:28:49.719 32.14 ,907.5304 ,70.73 ,31.96 ,910.1520 ,100.00
15:28:49.724 32.14 ,907.5304 ,70.73 ,31.96 ,910.1520 ,100.00
15:28:49.730 32.14 ,907.5781 ,70.56 ,31.99 ,910.2573 ,100.00
15:28:49.769 32.22 ,907.5781 ,70.56 ,31.99 ,910.2573 ,100.00
15:28:49.810 32.22 ,907.5781 ,70.56 ,31.99 ,910.2573 ,100.00
15:28:49.822 32.24 ,907.5912 ,69.02 ,32.03 ,910.2586 ,100.00
15:28:49.859 32.24 ,907.5912 ,69.02 ,32.03 ,910.2586 ,100.00
15:28:49.902 32.24 ,907.5912 ,69.02 ,32.03 ,910.2586 ,100.00
15:28:49.906 32.24 ,907.5912 ,69.02 ,32.02 ,910.2253 ,100.00
15:28:49.942 32.20 ,907.5600 ,67.26 ,32.02 ,910.2253 ,100.00
15:28:49.982 32.20 ,907.5600 ,67.26 ,32.02 ,910.2253 ,100.00
15:28:50.016 32.20 ,907.5600 ,67.26 ,32.02 ,910.2253 ,100.00
15:28:50.064 32.20 ,907.5600 ,67.26 ,32.02 ,909.9346 ,100.00
15:28:50.074 32.12 ,907.5648 ,65.43 ,32.02 ,909.9346 ,100.00
15:28:50.107 32.12 ,907.5648 ,65.43 ,32.02 ,909.9346 ,100.00
15:28:50.142 32.12 ,907.5648 ,65.43 ,31.99 ,909.7561 ,100.00
15:28:50.150 32.03 ,907.6247 ,63.55 ,31.99 ,909.7561 ,100.00
15:28:50.184 32.03 ,907.6247 ,63.55 ,31.99 ,909.7561 ,100.00
15:28:50.214 32.03 ,907.6247 ,63.55 ,31.99 ,909.7561 ,100.00
15:28:50.219 32.03 ,907.6247 ,62.11 ,31.95 ,909.5915 ,100.00
15:28:50.256 31.96 ,907.6049 ,62.11 ,31.95 ,909.5915 ,100.00
15:28:50.293 31.96 ,907.6049 ,62.11 ,31.95 ,909.5915 ,100.00
15:28:50.300 31.96 ,907.6049 ,62.11 ,31.93 ,909.7283 ,100.00
15:28:50.336 31.90 ,907.6157 ,62.58 ,31.93 ,909.7283 ,100.00
15:28:50.377 31.90 ,907.6157 ,62.58 ,31.93 ,909.7283 ,100.00
15:28:50.412 31.90 ,907.6157 ,62.58 ,31.93 ,909.6859 ,100.00
15:28:50.452 31.87 ,907.4598 ,64.15 ,31.91 ,909.6859 ,100.00
15:28:50.460 31.87 ,907.4598 ,64.15 ,31.91 ,909.6859 ,100.00
15:28:50.494 31.87 ,907.4598 ,64.15 ,31.91 ,909.6859 ,100.00
15:28:50.529 31.87 ,907.4598 ,64.15 ,31.92 ,909.6984 ,100.00
15:28:50.535 31.91 ,907.5240 ,66.00 ,31.92 ,909.6984 ,100.00
15:28:50.569 31.91 ,907.5240 ,66.00 ,31.92 ,909.6984 ,100.00
15:28:50.615 31.91 ,907.5240 ,66.00 ,31.92 ,909.6984 ,100.00
15:28:50.620 31.91 ,907.5240 ,66.00 ,31.93 ,909.8622 ,100.00
15:28:50.654 32.00 ,907.5212 ,67.60 ,31.93 ,909.8622 ,100.00
15:28:50.746 32.00 ,907.5212 ,67.60 ,31.93 ,909.8622 ,100.00
15:28:50.751 32.00 ,907.5212 ,67.60 ,31.96 ,910.0981 ,100.00
15:28:50.784 32.11 ,907.5700 ,68.62 ,31.96 ,910.0981 ,100.00
15:28:50.828 32.11 ,907.5700 ,68.62 ,31.96 ,910.0981 ,100.00
15:28:50.834 32.19 ,907.6076 ,67.87 ,31.99 ,910.1721 ,100.00
15:28:50.868 32.19 ,907.6076 ,67.87 ,31.99 ,910.1721 ,100.00
15:28:50.907 32.19 ,907.6076 ,67.87 ,31.99 ,910.1721 ,100.00
15:28:50.914 32.19 ,907.6076 ,66.67 ,32.01 ,910.1220 ,100.00
15:28:50.949 32.20 ,907.5829 ,66.67 ,32.01 ,910.1220 ,100.00
15:28:50.992 32.20 ,907.5829 ,66.67 ,32.01 ,910.1220 ,100.00
15:28:50.998 32.20 ,907.5906 ,65.15 ,32.00 ,909.8747 ,100.00
15:28:51.037 32.15 ,907.5906 ,65.15 ,32.00 ,909.8747 ,100.00
15:28:51.070 32.15 ,907.5906 ,65.15 ,32.00 ,909.8747 ,100.00
15:28:51.103 32.15 ,907.5906 ,65.15 ,31.97 ,909.6736 ,100.00
15:28:51.137 32.08 ,907.5676 ,63.48 ,31.97 ,909.6736 ,100.00
15:28:51.147 32.08 ,907.5676 ,63.48 ,31.97 ,909.6736 ,100.00
15:28:51.203 32.08 ,907.5676 ,63.48 ,31.97 ,909.6736 ,100.00
15:28:51.225 32.08 ,907.5676 ,63.48 ,31.97 ,909.6736 ,100.00
15:28:51.231 31.99 ,907.6802 ,62.38 ,31.93 ,909.5681 ,100.00
15:28:51.268 31.99 ,907.6802 ,62.38 ,31.93 ,909.5681 ,100.00
15:28:51.309 31.99 ,907.6802 ,62.38 ,31.93 ,909.5681 ,100.00
15:28:51.316 31.99 ,907.6540 ,62.52 ,31.89 ,909.4924 ,100.00
15:28:51.353 31.94 ,907.6540 ,62.52 ,31.89 ,909.4924 ,100.00
15:28:51.394 31.94 ,907.6540 ,62.52 ,31.89 ,909.4924 ,100.00
15:28:51.429 31.91 ,907.5823 ,63.97 ,31.87 ,909.4704 ,100.00
15:28:51.472 31.91 ,907.5823 ,63.97 ,31.87 ,909.4704 ,100.00
15:28:51.480 31.91 ,907.5823 ,63.97 ,31.87 ,909.4704 ,100.00
15:28:51.513 31.94 ,907.5692 ,65.71 ,31.87 ,909.6479 ,100.00
15:28:51.553 31.94 ,907.5692 ,65.71 ,31.87 ,909.6479 ,100.00
15:28:51.560 31.94 ,907.5692 ,65.71 ,31.87 ,909.6479 ,100.00
15:28:51.592 31.94 ,907.5692 ,65.71 ,31.87 ,909.7307 ,100.00
15:28:51.636 32.01 ,907.5956 ,67.36 ,31.89 ,909.7307 ,100.00
15:28:51.644 32.01 ,907.5956 ,67.36 ,31.89 ,909.7307 ,100.00
15:28:51.677 32.01 ,907.5956 ,67.36 ,31.89 ,909.7307 ,100.00
15:28:51.721 32.01 ,907.6105 ,68.69 ,31.92 ,909.8725 ,100.00
15:28:51.729 32.10 ,907.6105 ,68.69 ,31.92 ,909.8725 ,100.00
15:28:51.764 32.10 ,907.6105 ,68.69 ,31.92 ,909.8725 ,100.00
15:28:51.806 32.10 ,907.6105 ,68.69 ,31.92 ,909.8725 ,100.00
15:28:51.812 32.18 ,907.6074 ,69.60 ,31.95 ,910.0162 ,100.00
15:28:51.846 32.18 ,907.6074 ,69.60 ,31.95 ,910.0162 ,100.00
15:28:51.885 32.18 ,907.6074 ,69.60 ,31.95 ,910.0162 ,100.00
15:28:51.891 32.18 ,907.5911 ,68.91 ,31.99 ,910.0989 ,100.00
15:28:51.929 32.24 ,907.5911 ,68.91 ,31.99 ,910.0989 ,100.00
15:28:51.964 32.24 ,907.5911 ,68.91 ,31.99 ,910.0989 ,100.00
15:28:51.998 32.23 ,907.6052 ,67.42 ,32.01 ,909.9114 ,100.00
15:28:52.084 32.23 ,907.6052 ,67.42 ,32.01 ,909.9114 ,100.00
15:28:52.092 32.23 ,907.6052 ,67.42 ,32.01 ,909.5962 ,100.00
15:28:52.123 32.18 ,907.6282 ,65.70 ,32.00 ,909.5962 ,100.00
15:28:52.154 32.18 ,907.6282 ,65.70 ,32.00 ,909.5962 ,100.00
15:28:52.162 32.18 ,907.6282 ,63.90 ,32.00 ,909.5962 ,100.00
15:28:52.200 32.09 ,907.6439 ,63.89 ,31.95 ,909.3513 ,100.00
15:28:52.236 32.09 ,907.6439 ,63.89 ,31.95 ,909.3513 ,100.00
15:28:52.243 32.09 ,907.6439 ,63.89 ,31.95 ,909.3513 ,100.00
15:28:52.340 32.09 ,907.7516 ,62.08 ,31.95 ,909.3513 ,100.00
15:28:52.398 32.01 ,907.6364 ,62.08 ,31.90 ,909.1584 ,100.00
15:28:52.432 31.95 ,907.6736 ,60.56 ,31.84 ,909.0555 ,100.00
15:28:52.559 31.95 ,907.6736 ,60.56 ,31.84 ,909.0555 ,100.00
15:28:52.568 31.95 ,907.6736 ,60.56 ,31.84 ,909.0419 ,100.00
15:28:52.602 31.87 ,907.5798 ,62.83 ,31.78 ,909.0419 ,100.00
15:28:52.638 31.87 ,907.5798 ,62.83 ,31.78 ,909.0419 ,100.00
15:28:52.643 31.87 ,907.5798 ,62.83 ,31.78 ,909.0419 ,100.00
15:28:52.678 31.90 ,907.5504 ,64.73 ,31.78 ,909.0419 ,100.00
15:28:52.720 31.90 ,907.5504 ,64.73 ,31.78 ,909.1459 ,100.00
15:28:52.725 31.90 ,907.5504 ,64.73 ,31.78 ,909.1459 ,100.00
15:28:52.762 31.90 ,907.5504 ,64.73 ,31.78 ,909.1459 ,100.00
15:28:52.802 31.96 ,907.5574 ,66.42 ,31.78 ,909.3386 ,100.00
15:28:52.808 31.96 ,907.5574 ,66.42 ,31.82 ,909.3386 ,100.00
15:28:52.843 31.96 ,907.5574 ,66.42 ,31.82 ,909.3386 ,100.00
15:28:52.884 31.96 ,907.5574 ,66.42 ,31.82 ,909.3386 ,100.00
15:28:52.889 32.04 ,907.5701 ,68.06 ,31.85 ,909.5675 ,100.00
15:28:52.925 32.04 ,907.5701 ,68.06 ,31.85 ,909.5675 ,100.00
15:28:52.963 32.04 ,907.5701 ,68.06 ,31.85 ,909.5675 ,100.00
15:28:52.969 32.04 ,907.5756 ,69.41 ,31.89 ,909.7603 ,100.00
15:28:53.007 32.12 ,907.5756 ,69.41 ,31.89 ,909.7603 ,100.00
15:28:53.040 32.12 ,907.5756 ,69.41 ,31.89 ,909.7603 ,100.00
15:28:53.053 32.20 ,907.6060 ,70.28 ,31.89 ,909.9465 ,100.00
15:28:53.090 32.20 ,907.6060 ,70.28 ,31.94 ,910.0176 ,100.00
15:28:53.120 32.20 ,907.6060 ,70.28 ,31.94 ,910.0176 ,100.00
15:28:53.129 32.20 ,907.6060 ,70.28 ,31.94 ,910.0176 ,100.00
15:28:53.167 32.26 ,907.6605 ,69.38 ,31.94 ,910.0176 ,100.00
15:28:53.205 32.26 ,907.6605 ,69.38 ,31.99 ,910.1077 ,100.00
15:28:53.205 32.26 ,907.6605 ,69.38 ,31.99 ,910.1077 ,100.00
15:28:53.243 32.26 ,907.6605 ,69.38 ,31.99 ,910.1077 ,100.00
15:28:53.341 32.26 ,907.6517 ,67.55 ,31.99 ,910.1077 ,100.00
15:28:53.342 32.26 ,907.6517 ,67.55 ,32.03 ,909.8669 ,100.00
15:28:53.350 32.26 ,907.6517 ,67.55 ,32.03 ,909.8669 ,100.00
15:28:53.383 32.21 ,907.6451 ,65.69 ,32.03 ,909.6562 ,100.00
15:28:53.428 32.21 ,907.6451 ,65.69 ,32.03 ,909.6562 ,100.00
15:28:53.435 32.21 ,907.6451 ,63.87 ,32.03 ,909.6562 ,100.00
15:28:53.471 32.13 ,907.7139 ,63.87 ,31.98 ,909.3661 ,100.00
15:28:53.509 32.13 ,907.7139 ,63.87 ,31.98 ,909.3661 ,100.00
15:28:53.516 32.13 ,907.7139 ,63.87 ,31.98 ,909.3661 ,100.00
15:28:53.550 32.06 ,907.7434 ,62.60 ,31.98 ,909.3661 ,100.00
15:28:53.594 32.06 ,907.7434 ,62.60 ,31.93 ,909.2307 ,100.00
15:28:53.600 32.06 ,907.7434 ,62.60 ,31.93 ,909.2307 ,100.00
15:28:53.634 32.06 ,907.7434 ,62.60 ,31.93 ,909.2307 ,100.00
15:28:53.738 31.98 ,907.6799 ,63.66 ,31.93 ,909.2307 ,100.00
15:28:53.751 31.98 ,907.6799 ,63.66 ,31.89 ,909.3322 ,100.00
15:28:53.758 31.98 ,907.6799 ,63.66 ,31.89 ,909.3322 ,100.00
15:28:53.791 31.97 ,907.6566 ,64.71 ,31.89 ,909.3565 ,100.00
15:28:53.852 31.97 ,907.6566 ,64.71 ,31.89 ,909.3565 ,100.00
15:28:53.916 31.97 ,907.6566 ,64.71 ,31.89 ,909.3601 ,100.00
15:28:53.919 31.98 ,907.6393 ,65.92 ,31.89 ,909.3601 ,100.00
15:28:53.925 31.98 ,907.6393 ,66.26 ,31.89 ,909.3601 ,100.00
15:28:53.960 32.02 ,907.7004 ,66.26 ,31.89 ,909.3601 ,100.00
15:28:53.992 32.02 ,907.7004 ,66.26 ,31.92 ,909.7333 ,100.00
15:28:53.998 32.02 ,907.7004 ,66.26 ,31.92 ,909.7333 ,100.00
15:28:54.033 32.02 ,907.7004 ,66.26 ,31.92 ,909.7333 ,100.00
15:28:54.074 32.05 ,907.7187 ,65.33 ,31.92 ,909.7333 ,100.00
15:28:54.079 32.05 ,907.7187 ,65.33 ,31.96 ,909.4037 ,100.00
15:28:54.117 32.05 ,907.7187 ,65.33 ,31.96 ,909.4037 ,100.00
15:28:54.160 32.05 ,907.7187 ,63.81 ,31.96 ,909.4037 ,100.00
15:28:54.194 32.05 ,907.6392 ,63.81 ,31.96 ,909.4525 ,100.00
15:28:54.239 32.05 ,907.6392 ,63.81 ,31.96 ,909.4525 ,100.00
15:28:54.248 32.05 ,907.6392 ,63.81 ,31.96 ,909.4525 ,100.00
15:28:54.280 32.02 ,907.7004 ,62.42 ,31.95 ,909.2330 ,100.00
15:28:54.321 32.02 ,907.7004 ,62.42 ,31.95 ,909.2330 ,100.00
15:28:54.329 32.02 ,907.7004 ,62.42 ,31.95 ,909.2330 ,100.00
15:28:54.362 31.98 ,907.7241 ,60.91 ,31.92 ,908.8233 ,100.00
15:28:54.402 31.98 ,907.7241 ,60.91 ,31.92 ,908.8233 ,100.00
15:28:54.409 31.98 ,907.7241 ,60.91 ,31.92 ,908.8233 ,100.00
15:28:54.443 31.95 ,907.7336 ,59.88 ,31.92 ,908.8233 ,100.00
15:28:54.483 31.95 ,907.7336 ,59.88 ,31.88 ,909.0478 ,100.00
15:28:54.490 31.95 ,907.7336 ,59.88 ,31.88 ,909.0478 ,100.00
15:28:54.523 31.95 ,907.7336 ,60.53 ,31.88 ,909.0478 ,100.00
15:28:54.615 31.91 ,907.7346 ,60.52 ,31.88 ,909.0478 ,100.00
15:28:54.620 31.91 ,907.7346 ,60.52 ,31.84 ,909.0085 ,100.00
15:28:54.653 31.90 ,907.7146 ,61.98 ,31.84 ,909.1163 ,100.00
15:28:54.700 31.90 ,907.7146 ,61.98 ,31.84 ,909.1163 ,100.00
15:28:54.708 31.90 ,907.7146 ,63.72 ,31.84 ,909.1163 ,100.00
15:28:54.742 31.93 ,907.7120 ,63.72 ,31.84 ,909.1163 ,100.00
15:28:54.782 31.93 ,907.7120 ,63.72 ,31.85 ,909.3500 ,100.00
15:28:54.788 31.93 ,907.7120 ,63.72 ,31.85 ,909.3500 ,100.00
15:28:54.825 31.99 ,907.7065 ,65.16 ,31.85 ,909.3500 ,100.00
15:28:54.861 31.99 ,907.7065 ,65.16 ,31.85 ,909.3500 ,100.00
15:28:54.873 31.99 ,907.7065 ,65.16 ,31.90 ,909.2802 ,100.00
15:28:54.909 31.99 ,907.7065 ,65.16 ,31.90 ,909.2802 ,100.00
15:28:54.940 32.06 ,907.7189 ,64.98 ,31.90 ,909.2802 ,100.00
15:28:54.949 32.06 ,907.7189 ,64.98 ,31.93 ,909.0773 ,100.00
15:28:54.984 32.06 ,907.7189 ,64.98 ,31.93 ,909.0773 ,100.00
15:28:55.051 32.06 ,907.7189 ,64.98 ,31.93 ,909.0773 ,100.00
15:28:55.074 32.09 ,907.7374 ,63.64 ,31.93 ,908.9749 ,100.00
15:28:55.102 32.09 ,907.7374 ,63.64 ,31.93 ,908.9749 ,100.00
15:28:55.105 32.09 ,907.7374 ,61.92 ,31.93 ,908.9749 ,100.00
15:28:55.113 32.07 ,907.6877 ,61.93 ,31.93 ,908.9749 ,100.00
15:28:55.145 32.07 ,907.6877 ,61.93 ,31.93 ,908.8903 ,100.00
15:28:55.272 32.07 ,907.6877 ,61.93 ,31.90 ,908.8903 ,100.00
15:28:55.275 32.07 ,907.6877 ,61.93 ,31.85 ,908.8245 ,100.00
15:28:55.280 32.02 ,907.7551 ,60.44 ,31.85 ,908.8245 ,100.00
15:28:55.285 32.02 ,907.7551 ,59.31 ,31.85 ,908.8245 ,100.00
15:28:55.321 31.96 ,907.7958 ,59.30 ,31.85 ,908.8245 ,100.00
15:28:55.363 31.96 ,907.7958 ,59.30 ,31.85 ,908.8245 ,100.00
15:28:55.368 31.96 ,907.7958 ,59.30 ,31.80 ,908.6856 ,100.00
15:28:55.406 31.96 ,907.7790 ,59.58 ,31.80 ,908.6856 ,100.00
15:28:55.450 31.92 ,907.7790 ,59.58 ,31.80 ,908.6856 ,100.00
15:28:55.484 31.92 ,907.7790 ,59.58 ,31.78 ,908.8658 ,100.00
15:28:55.528 31.92 ,907.7790 ,59.58 ,31.78 ,908.8658 ,100.00
15:28:55.537 31.90 ,907.7782 ,60.57 ,31.78 ,908.8658 ,100.00
15:28:55.571 31.90 ,907.7782 ,60.57 ,31.79 ,908.8628 ,100.00
15:28:55.612 31.90 ,907.7782 ,60.57 ,31.79 ,908.8628 ,100.00
15:28:55.619 31.91 ,907.7731 ,61.88 ,31.79 ,908.8628 ,100.00
15:28:55.651 31.91 ,907.7731 ,61.88 ,31.80 ,909.1518 ,100.00
15:28:55.694 31.91 ,907.7731 ,61.88 ,31.80 ,909.1518 ,100.00
15:28:55.702 31.91 ,907.7731 ,63.13 ,31.80 ,909.1518 ,100.00
15:28:55.735 31.94 ,907.7581 ,63.13 ,31.80 ,909.1518 ,100.00
15:28:55.822 31.94 ,907.7581 ,63.13 ,31.85 ,909.3517 ,100.00
15:28:55.825 31.94 ,907.7785 ,64.46 ,31.85 ,909.3517 ,100.00
15:28:55.835 31.97 ,907.7785 ,64.46 ,31.89 ,909.4732 ,100.00
15:28:55.868 31.97 ,907.7785 ,64.46 ,31.89 ,909.4732 ,100.00
15:28:55.900 31.97 ,907.7785 ,64.46 ,31.89 ,909.4732 ,100.00
15:28:55.907 32.04 ,907.7325 ,63.98 ,31.89 ,909.4732 ,100.00
15:28:55.944 32.04 ,907.7325 ,63.98 ,31.93 ,909.5630 ,100.00
15:28:55.982 32.04 ,907.7325 ,63.98 ,31.93 ,909.5630 ,100.00
15:28:55.988 32.04 ,907.7506 ,62.51 ,31.93 ,909.5630 ,100.00
15:28:56.026 32.06 ,907.7506 ,62.51 ,31.93 ,909.5630 ,100.00
15:28:56.071 32.06 ,907.7506 ,62.51 ,31.95 ,909.4626 ,100.00
15:28:56.105 32.03 ,907.7836 ,61.01 ,31.95 ,909.4626 ,100.00
15:28:56.148 32.03 ,907.7836 ,61.01 ,31.95 ,909.4626 ,100.00
15:28:56.158 32.03 ,907.7836 ,61.01 ,31.94 ,909.3386 ,100.00
15:28:56.190 31.99 ,907.7947 ,59.81 ,31.94 ,909.3386 ,100.00
15:28:56.232 31.99 ,907.7947 ,59.81 ,31.94 ,909.3386 ,100.00
15:28:56.240 31.99 ,907.7947 ,59.81 ,31.94 ,909.2280 ,100.00
15:28:56.274 31.99 ,907.7947 ,59.81 ,31.90 ,909.2280 ,100.00
15:28:56.315 31.94 ,907.8024 ,58.34 ,31.90 ,909.2280 ,100.00
15:28:56.389 31.94 ,907.8024 ,58.34 ,31.86 ,909.1484 ,100.00
15:28:56.471 31.94 ,907.8024 ,58.34 ,31.86 ,909.1484 ,100.00
15:28:56.474 31.90 ,907.8223 ,58.13 ,31.83 ,909.1614 ,100.00
15:28:56.483 31.90 ,907.8223 ,58.13 ,31.83 ,909.1614 ,100.00
15:28:56.515 31.88 ,907.8006 ,58.80 ,31.83 ,909.1614 ,100.00
15:28:56.585 31.88 ,907.8006 ,58.80 ,31.83 ,909.2083 ,100.00
15:28:56.640 31.88 ,907.8006 ,58.80 ,31.83 ,909.2083 ,100.00
15:28:56.644 31.87 ,907.8287 ,59.79 ,31.83 ,909.2083 ,100.00
15:28:56.650 31.87 ,907.8287 ,59.79 ,31.84 ,909.4521 ,100.00
15:28:56.685 31.87 ,907.7900 ,61.26 ,31.84 ,909.4521 ,100.00
15:28:56.724 31.87 ,907.7900 ,61.26 ,31.84 ,909.4521 ,100.00
15:28:56.733 31.87 ,907.7900 ,61.26 ,31.87 ,909.5349 ,100.00
15:28:56.765 31.87 ,907.7900 ,61.26 ,31.87 ,909.5349 ,100.00
15:28:56.801 31.92 ,907.8070 ,62.63 ,31.87 ,909.5349 ,100.00
15:28:56.807 31.92 ,907.8070 ,62.63 ,31.87 ,909.7989 ,100.00
15:28:56.840 31.92 ,907.8070 ,62.63 ,31.91 ,909.7989 ,100.00
15:28:56.882 31.92 ,907.8070 ,62.63 ,31.91 ,909.7989 ,100.00
15:28:56.888 31.96 ,907.8098 ,63.30 ,31.91 ,909.7989 ,100.00
15:28:56.922 31.96 ,907.8098 ,63.30 ,31.91 ,909.8787 ,100.00
15:28:57.014 31.96 ,907.8098 ,63.30 ,31.95 ,909.8787 ,100.00
15:28:57.019 31.96 ,907.8098 ,63.30 ,31.99 ,909.9755 ,100.00
15:28:57.054 32.02 ,907.8254 ,64.34 ,31.99 ,909.9755 ,100.00
15:28:57.099 32.06 ,907.7859 ,64.08 ,31.99 ,909.9755 ,100.00
15:28:57.107 32.06 ,907.7859 ,64.08 ,32.01 ,909.9900 ,100.00
15:28:57.139 32.06 ,907.7859 ,64.08 ,32.01 ,909.9900 ,100.00
15:28:57.179 32.06 ,907.7859 ,64.08 ,32.01 ,909.9900 ,100.00
15:28:57.186 32.07 ,907.7950 ,63.15 ,32.01 ,909.9900 ,100.00
15:28:57.219 32.07 ,907.7950 ,63.15 ,32.01 ,909.8787 ,100.00
15:28:57.260 32.07 ,907.7950 ,63.15 ,32.01 ,909.8787 ,100.00
15:28:57.267 32.07 ,907.7950 ,63.15 ,32.01 ,909.8787 ,100.00
15:28:57.301 32.05 ,907.8017 ,61.92 ,32.01 ,909.8787 ,100.00
15:28:57.345 32.05 ,907.8017 ,61.92 ,31.99 ,909.6830 ,100.00
15:28:57.350 32.05 ,907.8017 ,61.92 ,31.99 ,909.6830 ,100.00
15:28:57.384 32.01 ,907.8166 ,60.57 ,31.99 ,909.6830 ,100.00
15:28:57.428 32.01 ,907.8166 ,60.57 ,31.99 ,909.6830 ,100.00
15:28:57.434 32.01 ,907.8166 ,60.57 ,31.95 ,909.4558 ,100.00
15:28:57.468 31.97 ,907.7996 ,59.30 ,31.95 ,909.4558 ,100.00
15:28:57.508 31.97 ,907.7996 ,59.30 ,31.95 ,909.4558 ,100.00
15:28:57.513 31.97 ,907.7996 ,59.30 ,31.91 ,909.2682 ,100.00
15:28:57.550 31.97 ,907.7996 ,59.30 ,31.91 ,909.2682 ,100.00
15:28:57.593 31.93 ,907.8056 ,57.85 ,31.91 ,909.2682 ,100.00
15:28:57.600 31.93 ,907.8056 ,57.85 ,31.86 ,909.0700 ,100.00
15:28:57.637 31.93 ,907.8056 ,57.85 ,31.86 ,909.0700 ,100.00
15:28:57.675 31.89 ,907.8256 ,56.55 ,31.86 ,909.0700 ,100.00
15:28:57.709 31.89 ,907.8256 ,56.55 ,31.86 ,909.0700 ,100.00
15:28:57.770 31.89 ,907.8256 ,56.55 ,31.82 ,909.0377 ,100.00
15:28:57.835 31.89 ,907.8256 ,56.55 ,31.82 ,909.1047 ,100.00
15:28:57.839 31.86 ,907.8267 ,56.14 ,31.79 ,909.1047 ,100.00
15:28:57.845 31.83 ,907.7994 ,57.48 ,31.79 ,909.1047 ,100.00
15:28:57.879 31.83 ,907.7994 ,57.48 ,31.79 ,909.1047 ,100.00
15:28:57.950 31.83 ,907.7994 ,57.48 ,31.79 ,909.1047 ,100.00
15:28:57.985 31.84 ,907.8173 ,59.14 ,31.79 ,909.1934 ,100.00
15:28:58.009 31.84 ,907.8173 ,59.14 ,31.79 ,909.1934 ,100.00
15:28:58.019 31.84 ,907.8173 ,59.14 ,31.80 ,909.2580 ,100.00
15:28:58.052 31.87 ,907.7918 ,60.71 ,31.80 ,909.2580 ,100.00
15:28:58.091 31.87 ,907.7918 ,60.71 ,31.80 ,909.2580 ,100.00
15:28:58.100 31.87 ,907.7918 ,60.71 ,31.83 ,909.3614 ,100.00
15:28:58.136 31.87 ,907.7918 ,60.71 ,31.83 ,909.3614 ,100.00
15:28:58.177 31.91 ,907.7664 ,62.26 ,31.83 ,909.3614 ,100.00
15:28:58.184 31.91 ,907.7664 ,62.26 ,31.83 ,909.3614 ,100.00
15:28:58.219 31.91 ,907.7664 ,62.26 ,31.87 ,909.4738 ,100.00
15:28:58.309 31.91 ,907.7833 ,63.53 ,31.87 ,909.4738 ,100.00
15:28:58.312 31.96 ,907.7833 ,63.53 ,31.90 ,909.5917 ,100.00
15:28:58.321 31.96 ,907.8130 ,64.63 ,31.90 ,909.5917 ,100.00
15:28:58.353 32.01 ,907.8130 ,64.63 ,31.90 ,909.5917 ,100.00
15:28:58.394 32.01 ,907.8130 ,64.63 ,31.90 ,909.5917 ,100.00
15:28:58.403 32.01 ,907.8130 ,64.63 ,31.90 ,909.7023 ,100.00
15:28:58.437 32.05 ,907.8317 ,66.00 ,31.94 ,909.7023 ,100.00
15:28:58.483 32.05 ,907.8317 ,66.00 ,31.94 ,909.7023 ,100.00
15:28:58.489 32.05 ,907.8317 ,66.00 ,31.98 ,909.7903 ,100.00
15:28:58.523 32.05 ,907.8317 ,66.00 ,31.98 ,909.7903 ,100.00
15:28:58.565 32.10 ,907.8312 ,66.31 ,31.98 ,909.7903 ,100.00
15:28:58.572 32.10 ,907.8312 ,66.31 ,31.98 ,909.7903 ,100.00
15:28:58.604 32.10 ,907.8312 ,66.31 ,32.01 ,909.7391 ,100.00
15:28:58.640 32.10 ,907.8312 ,66.31 ,32.01 ,909.7391 ,100.00
15:28:58.648 32.13 ,907.8217 ,64.96 ,32.01 ,909.7391 ,100.00
15:28:58.681 32.13 ,907.8217 ,64.96 ,32.01 ,909.7391 ,100.00
15:28:58.724 32.13 ,907.8217 ,64.96 ,32.02 ,909.5847 ,100.00
15:28:58.730 32.13 ,907.8217 ,64.96 ,32.02 ,909.5847 ,100.00
15:28:58.764 32.12 ,907.8176 ,63.39 ,32.02 ,909.5847 ,100.00
15:28:58.808 32.12 ,907.8176 ,63.39 ,32.02 ,909.5847 ,100.00
15:28:58.814 32.12 ,907.8176 ,63.39 ,32.00 ,909.4169 ,100.00
15:28:58.848 32.08 ,907.8149 ,61.53 ,32.00 ,909.4169 ,100.00
15:28:58.888 32.08 ,907.8149 ,61.53 ,32.00 ,909.4169 ,100.00
15:28:58.895 32.08 ,907.8149 ,61.53 ,31.95 ,909.2208 ,100.00
15:28:58.931 32.01 ,907.7953 ,59.78 ,31.95 ,909.2208 ,100.00
15:28:58.975 32.01 ,907.7953 ,59.78 ,31.95 ,909.2208 ,100.00
15:28:58.980 32.01 ,907.7953 ,59.78 ,31.90 ,909.0262 ,100.00
15:28:59.016 32.01 ,907.7953 ,58.18 ,31.90 ,909.0262 ,100.00
15:28:59.057 31.95 ,907.8132 ,58.18 ,31.90 ,909.0262 ,100.00
15:28:59.063 31.95 ,907.8132 ,58.18 ,31.90 ,909.0262 ,100.00
15:28:59.098 31.95 ,907.8132 ,58.18 ,31.86 ,909.0317 ,100.00
15:28:59.198 31.95 ,907.8979 ,58.35 ,31.86 ,909.0317 ,100.00
15:28:59.213 31.90 ,907.8223 ,58.35 ,31.86 ,909.0317 ,100.00
15:28:59.279 31.90 ,907.8223 ,58.35 ,31.86 ,909.0317 ,100.00
15:28:59.301 31.88 ,907.8167 ,59.47 ,31.84 ,909.0103 ,100.00
15:28:59.330 31.88 ,907.8167 ,59.47 ,31.84 ,909.0103 ,100.00
15:28:59.332 31.88 ,907.7744 ,61.02 ,31.84 ,908.9441 ,100.00
15:28:59.374 31.88 ,907.7744 ,61.02 ,31.84 ,908.9441 ,100.00
15:28:59.377 31.88 ,907.7744 ,61.02 ,31.84 ,908.9441 ,100.00
15:28:59.385 31.88 ,907.7744 ,61.02 ,31.86 ,909.1691 ,100.00
15:28:59.420 31.92 ,907.7629 ,62.60 ,31.86 ,909.1691 ,100.00
15:28:59.505 31.92 ,907.7629 ,62.60 ,31.86 ,909.1691 ,100.00
15:28:59.508 31.92 ,907.7629 ,64.06 ,31.89 ,909.2712 ,100.00
15:28:59.518 31.97 ,907.8333 ,64.06 ,31.89 ,909.2712 ,100.00
15:28:59.553 31.97 ,907.8333 ,64.06 ,31.89 ,909.2712 ,100.00
15:28:59.585 31.97 ,907.8333 ,64.06 ,31.89 ,909.2712 ,100.00
15:28:59.593 31.97 ,907.8333 ,64.06 ,31.89 ,909.2341 ,100.00
15:28:59.625 32.04 ,907.8033 ,63.57 ,31.93 ,909.2341 ,100.00
15:28:59.667 32.04 ,907.8033 ,63.57 ,31.93 ,909.2341 ,100.00
15:28:59.674 32.04 ,907.8033 ,63.57 ,31.96 ,908.9183 ,100.00
15:28:59.708 32.07 ,907.8537 ,62.26 ,31.96 ,908.9183 ,100.00
15:28:59.747 32.07 ,907.8537 ,62.26 ,31.96 ,908.9183 ,100.00
15:28:59.755 32.07 ,907.8537 ,62.26 ,31.96 ,908.9183 ,100.00
15:28:59.790 32.07 ,907.8537 ,62.26 ,31.96 ,908.4536 ,100.00
15:28:59.832 32.05 ,907.8652 ,60.87 ,31.96 ,908.4536 ,100.00
15:28:59.838 32.05 ,907.8652 ,60.87 ,31.96 ,908.4536 ,100.00
15:28:59.872 32.05 ,907.8652 ,60.87 ,31.96 ,908.4536 ,100.00
15:28:59.912 32.05 ,907.8652 ,60.87 ,31.91 ,908.1998 ,100.00
15:28:59.920 32.00 ,907.8569 ,59.41 ,31.91 ,908.1998 ,100.00
15:28:59.957 32.00 ,907.8569 ,59.41 ,31.91 ,908.1998 ,100.00
15:28:59.999 32.00 ,907.8569 ,59.41 ,31.91 ,908.1998 ,100.00
15:29:00.033 31.95 ,907.8661 ,58.06 ,31.84 ,908.1213 ,100.00
15:29:00.078 31.95 ,907.8661 ,58.06 ,31.84 ,908.1213 ,100.00
15:29:00.088 31.95 ,907.8661 ,58.06 ,31.84 ,908.1213 ,100.00
15:29:00.121 31.90 ,907.8613 ,58.12 ,31.79 ,908.0783 ,100.00
15:29:00.161 31.90 ,907.8613 ,58.12 ,31.79 ,908.0783 ,100.00
15:29:00.168 31.90 ,907.8613 ,58.12 ,31.79 ,908.1291 ,100.00
15:29:00.202 31.88 ,907.8237 ,59.58 ,31.75 ,908.1291 ,100.00
15:29:00.281 31.88 ,907.8237 ,59.58 ,31.75 ,908.1291 ,100.00
15:29:00.286 31.88 ,907.8237 ,59.58 ,31.74 ,908.3864 ,100.00
15:29:00.319 31.89 ,907.7905 ,61.29 ,31.74 ,908.3864 ,100.00
15:29:00.366 31.89 ,907.7905 ,61.29 ,31.74 ,908.3864 ,100.00
15:29:00.372 31.89 ,907.7905 ,61.29 ,31.76 ,908.5697 ,100.00
15:29:00.407 31.94 ,907.8270 ,62.84 ,31.76 ,908.5697 ,100.00
15:29:00.444 31.94 ,907.8270 ,62.84 ,31.76 ,908.5697 ,100.00
15:29:00.451 31.94 ,907.8270 ,62.84 ,31.76 ,908.5697 ,100.00
15:29:00.484 31.98 ,907.8212 ,64.37 ,31.79 ,908.7360 ,100.00
15:29:00.590 31.98 ,907.8212 ,64.37 ,31.79 ,908.7360 ,100.00
15:29:00.598 31.98 ,907.8212 ,64.80 ,31.84 ,908.8553 ,100.00
15:29:00.631 32.05 ,907.8388 ,64.80 ,31.84 ,908.8553 ,100.00
15:29:00.757 32.05 ,907.8388 ,64.80 ,31.84 ,908.8553 ,100.00
15:29:00.774 32.05 ,907.8388 ,64.80 ,31.84 ,908.6674 ,100.00
15:29:00.808 32.08 ,907.8678 ,61.73 ,31.88 ,908.6674 ,100.00
15:29:00.856 32.08 ,907.8678 ,61.73 ,31.88 ,908.6674 ,100.00
15:29:00.861 32.08 ,907.8678 ,61.73 ,31.84 ,908.2464 ,100.00
15:29:00.896 32.02 ,907.8505 ,60.17 ,31.84 ,908.2464 ,100.00
15:29:00.940 32.02 ,907.8505 ,60.17 ,31.84 ,908.2464 ,100.00
15:29:00.946 32.02 ,907.8505 ,60.17 ,31.84 ,908.2464 ,100.00
15:29:00.981 31.96 ,907.8786 ,58.64 ,31.77 ,908.1177 ,100.00
15:29:01.023 31.96 ,907.8786 ,58.64 ,31.77 ,908.1177 ,100.00
15:29:01.029 31.96 ,907.8786 ,58.64 ,31.77 ,908.1177 ,100.00
15:29:01.063 31.96 ,907.8786 ,58.64 ,31.77 ,908.1177 ,100.00
15:29:01.106 31.90 ,907.9247 ,58.15 ,31.71 ,908.2344 ,100.00
15:29:01.112 31.90 ,907.9247 ,58.15 ,31.71 ,908.2344 ,100.00
15:29:01.146 31.90 ,907.9247 ,58.15 ,31.71 ,908.2344 ,100.00
15:29:01.189 31.90 ,907.9247 ,58.15 ,31.71 ,908.2344 ,100.00
15:29:01.195 31.86 ,907.9275 ,59.23 ,31.68 ,908.4039 ,100.00
15:29:01.229 31.86 ,907.9275 ,59.23 ,31.68 ,908.4039 ,100.00
15:29:01.270 31.86 ,907.9275 ,59.23 ,31.68 ,908.4039 ,100.00
15:29:01.278 31.86 ,907.8198 ,60.76 ,31.69 ,908.5765 ,100.00
15:29:01.310 31.87 ,907.8198 ,60.76 ,31.69 ,908.5765 ,100.00
15:29:01.356 31.87 ,907.8198 ,60.76 ,31.69 ,908.5765 ,100.00
15:29:01.361 31.87 ,907.8198 ,60.76 ,31.71 ,908.9023 ,100.00
15:29:01.397 31.89 ,907.8222 ,62.20 ,31.71 ,908.9023 ,100.00
15:29:01.436 31.89 ,907.8222 ,62.20 ,31.71 ,908.9023 ,100.00
15:29:01.444 31.89 ,907.8222 ,62.20 ,31.71 ,909.1838 ,100.00
15:29:01.478 31.95 ,907.8449 ,63.81 ,31.76 ,909.1838 ,100.00
15:29:01.510 31.95 ,907.8449 ,63.81 ,31.76 ,909.1838 ,100.00
15:29:01.516 31.95 ,907.8449 ,63.81 ,31.76 ,909.1838 ,100.00
15:29:01.553 31.95 ,907.8449 ,63.81 ,31.76 ,909.1838 ,100.00
15:29:01.597 32.01 ,907.8483 ,64.56 ,31.82 ,909.3820 ,100.00
15:29:01.603 32.01 ,907.8483 ,64.56 ,31.82 ,909.3820 ,100.00
15:29:01.641 32.01 ,907.8483 ,64.56 ,31.82 ,909.3820 ,100.00
15:29:01.681 32.07 ,907.8462 ,63.38 ,31.82 ,909.3820 ,100.00
15:29:01.716 32.07 ,907.8462 ,63.38 ,31.87 ,909.2025 ,100.00
15:29:01.759 32.07 ,907.8462 ,63.38 ,31.87 ,909.2025 ,100.00
15:29:01.768 32.07 ,907.8462 ,63.38 ,31.87 ,909.2025 ,100.00
15:29:01.802 32.07 ,907.9292 ,62.34 ,31.88 ,909.0466 ,100.00
15:29:01.846 32.07 ,907.9292 ,62.34 ,31.88 ,909.0466 ,100.00
15:29:01.853 32.07 ,907.9292 ,62.34 ,31.88 ,908.7656 ,100.00
15:29:01.888 32.03 ,907.9124 ,60.99 ,31.86 ,908.7656 ,100.00
15:29:02.085 32.03 ,907.9124 ,60.99 ,31.86 ,908.7656 ,100.00
15:29:02.135 32.03 ,907.9124 ,59.73 ,31.83 ,908.6621 ,100.00
15:29:02.144 31.92 ,907.9219 ,58.44 ,31.79 ,908.5811 ,100.00
15:29:02.178 31.88 ,907.9472 ,57.61 ,31.76 ,908.5209 ,100.00
15:29:02.225 31.88 ,907.9472 ,57.61 ,31.76 ,908.5209 ,100.00
15:29:02.233 31.88 ,907.9472 ,57.61 ,31.76 ,908.5209 ,100.00
15:29:02.265 31.84 ,907.9161 ,58.81 ,31.73 ,908.4785 ,100.00
15:29:02.306 31.84 ,907.9161 ,58.81 ,31.73 ,908.4785 ,100.00
15:29:02.314 31.84 ,907.9161 ,58.81 ,31.73 ,908.4785 ,100.00
15:29:02.348 31.84 ,907.8773 ,60.62 ,31.73 ,908.4785 ,100.00
15:29:02.388 31.84 ,907.8773 ,60.62 ,31.73 ,908.6367 ,100.00
15:29:02.395 31.84 ,907.8773 ,60.62 ,31.73 ,908.6367 ,100.00
15:29:02.429 31.84 ,907.8773 ,60.62 ,31.73 ,908.6367 ,100.00
15:29:02.458 31.89 ,907.8610 ,62.53 ,31.73 ,908.8560 ,100.00
15:29:02.466 31.89 ,907.8610 ,62.53 ,31.75 ,908.8736 ,100.00
15:29:02.499 31.89 ,907.8610 ,62.53 ,31.75 ,908.8736 ,100.00
15:29:02.540 31.89 ,907.8610 ,62.53 ,31.75 ,908.8736 ,100.00
15:29:02.546 31.89 ,907.8575 ,64.30 ,31.79 ,909.1761 ,100.00
15:29:02.580 31.96 ,907.8575 ,64.30 ,31.79 ,909.1761 ,100.00
15:29:02.625 31.96 ,907.8575 ,64.30 ,31.79 ,909.1761 ,100.00
15:29:02.633 31.96 ,907.8575 ,64.30 ,31.83 ,909.4642 ,100.00
15:29:02.666 32.04 ,907.8826 ,65.81 ,31.83 ,909.4642 ,100.00
15:29:02.708 32.04 ,907.8826 ,65.81 ,31.83 ,909.4642 ,100.00
15:29:02.714 32.04 ,907.8826 ,65.81 ,31.83 ,909.4642 ,100.00
15:29:02.748 32.11 ,907.8950 ,67.24 ,31.88 ,909.6556 ,100.00
15:29:02.798 32.11 ,907.8950 ,67.24 ,31.88 ,909.6556 ,100.00
15:29:02.803 32.11 ,907.8950 ,67.24 ,31.88 ,909.6556 ,100.00
15:29:02.839 32.18 ,907.8968 ,66.99 ,31.88 ,909.6556 ,100.00
15:29:02.880 32.18 ,907.8968 ,66.99 ,31.92 ,909.6793 ,100.00
15:29:02.887 32.18 ,907.8968 ,66.99 ,31.92 ,909.6793 ,100.00
15:29:02.923 32.18 ,907.8968 ,66.01 ,31.92 ,909.6793 ,100.00
15:29:02.965 32.19 ,907.8990 ,66.02 ,31.92 ,909.6793 ,100.00
15:29:02.971 32.19 ,907.8990 ,66.02 ,31.94 ,909.4744 ,100.00
15:29:03.008 32.19 ,907.8990 ,66.02 ,31.94 ,909.4744 ,100.00
15:29:03.053 32.15 ,907.9475 ,64.52 ,31.94 ,909.4744 ,100.00
15:29:03.087 32.15 ,907.9475 ,64.52 ,31.92 ,909.1713 ,100.00
15:29:03.132 32.15 ,907.9475 ,64.52 ,31.92 ,909.1713 ,100.00
15:29:03.141 32.15 ,907.9509 ,62.52 ,31.92 ,908.7416 ,100.00
15:29:03.174 32.08 ,907.9509 ,62.52 ,31.88 ,908.7416 ,100.00
15:29:03.266 32.08 ,907.9509 ,62.52 ,31.88 ,908.7416 ,100.00
15:29:03.298 32.08 ,907.9509 ,62.52 ,31.83 ,908.4411 ,100.00
15:29:03.344 32.00 ,907.9398 ,60.95 ,31.83 ,908.4411 ,100.00
15:29:03.348 31.93 ,907.9786 ,59.68 ,31.77 ,908.4378 ,100.00
15:29:03.380 31.93 ,907.9786 ,59.68 ,31.77 ,908.4378 ,100.00
15:29:03.405 31.93 ,907.9786 ,59.68 ,31.77 ,908.4378 ,100.00
15:29:03.494 31.93 ,907.9786 ,59.68 ,31.77 ,908.5131 ,100.00
15:29:03.497 31.87 ,907.9171 ,60.24 ,31.72 ,908.5131 ,100.00
15:29:03.504 31.87 ,907.9171 ,60.24 ,31.72 ,908.5131 ,100.00
15:29:03.538 31.85 ,907.8703 ,61.47 ,31.72 ,908.6227 ,100.00
15:29:03.580 31.85 ,907.8703 ,61.47 ,31.72 ,908.6227 ,100.00
15:29:03.587 31.85 ,907.8703 ,61.47 ,31.72 ,908.6227 ,100.00
15:29:03.620 31.86 ,907.8445 ,63.04 ,31.72 ,908.6227 ,100.00
15:29:03.664 31.86 ,907.8445 ,63.04 ,31.74 ,908.7866 ,100.00
15:29:03.670 31.86 ,907.8445 ,63.04 ,31.74 ,908.7866 ,100.00
15:29:03.703 31.86 ,907.8445 ,64.46 ,31.74 ,908.7866 ,100.00
15:29:03.745 31.91 ,907.8331 ,64.46 ,31.74 ,908.7866 ,100.00
15:29:03.752 31.91 ,907.8331 ,64.46 ,31.77 ,908.9980 ,100.00
15:29:03.785 31.91 ,907.8331 ,64.46 ,31.77 ,908.9980 ,100.00
15:29:03.826 31.91 ,907.8474 ,65.66 ,31.77 ,908.9980 ,100.00
15:29:03.834 31.97 ,907.8474 ,65.66 ,31.82 ,909.1769 ,100.00
15:29:03.868 31.97 ,907.8474 ,65.66 ,31.82 ,909.1769 ,100.00
15:29:03.916 31.97 ,907.8474 ,65.66 ,31.82 ,909.1769 ,100.00
15:29:03.922 32.02 ,907.9459 ,66.31 ,31.86 ,909.6060 ,100.00
15:29:03.957 32.02 ,907.9459 ,66.31 ,31.86 ,909.6060 ,100.00
15:29:03.997 32.02 ,907.9459 ,66.31 ,31.86 ,909.6060 ,100.00
15:29:04.001 32.02 ,907.9278 ,65.29 ,31.86 ,909.6060 ,100.00
15:29:04.039 32.07 ,907.9278 ,65.29 ,31.90 ,909.4037 ,100.00
15:29:04.080 32.07 ,907.9278 ,65.29 ,31.90 ,909.4037 ,100.00
15:29:04.114 32.07 ,907.8992 ,63.48 ,31.90 ,909.4037 ,100.00
15:29:04.161 32.07 ,907.8992 ,63.48 ,31.89 ,909.1461 ,100.00
15:29:04.170 32.07 ,907.8992 ,63.48 ,31.89 ,909.1461 ,100.00
15:29:04.206 32.02 ,907.9160 ,61.96 ,31.89 ,909.1461 ,100.00
15:29:04.241 32.02 ,907.9160 ,61.96 ,31.89 ,909.1461 ,100.00
15:29:04.249 32.02 ,907.9160 ,61.96 ,31.87 ,908.8997 ,100.00
15:29:04.282 32.02 ,907.9160 ,61.96 ,31.87 ,908.8997 ,100.00
15:29:04.310 31.96 ,907.9670 ,60.51 ,31.87 ,908.8997 ,100.00
15:29:04.317 31.96 ,907.9670 ,60.51 ,31.82 ,908.7558 ,100.00
15:29:04.352 31.96 ,907.9670 ,60.51 ,31.82 ,908.7558 ,100.00
15:29:04.397 31.96 ,907.9670 ,60.51 ,31.82 ,908.7558 ,100.00
15:29:04.403 31.96 ,907.9165 ,60.59 ,31.78 ,908.7687 ,100.00
15:29:04.441 31.91 ,907.9165 ,60.59 ,31.78 ,908.7687 ,100.00
15:29:04.536 31.91 ,907.9165 ,60.59 ,31.78 ,908.7687 ,100.00
15:29:04.538 31.88 ,907.8820 ,62.06 ,31.77 ,908.9630 ,100.00
15:29:04.548 31.88 ,907.8820 ,62.06 ,31.77 ,908.9630 ,100.00
15:29:04.581 31.88 ,907.8820 ,62.06 ,31.77 ,908.9630 ,100.00
15:29:04.621 31.89 ,907.8875 ,63.49 ,31.77 ,908.9630 ,100.00
15:29:04.630 31.89 ,907.8875 ,63.49 ,31.77 ,909.1511 ,100.00
15:29:04.663 31.89 ,907.8875 ,63.49 ,31.78 ,909.1511 ,100.00
15:29:04.718 31.89 ,907.8875 ,64.96 ,31.78 ,909.1511 ,100.00
15:29:04.790 31.94 ,907.9012 ,64.96 ,31.81 ,909.2947 ,100.00
15:29:04.868 31.94 ,907.9012 ,64.96 ,31.81 ,909.2947 ,100.00
15:29:04.870 32.01 ,907.9030 ,66.08 ,31.85 ,909.4161 ,100.00
15:29:04.889 32.01 ,907.9030 ,66.08 ,31.85 ,909.4161 ,100.00
15:29:04.921 32.08 ,907.9437 ,65.47 ,31.89 ,909.1669 ,100.00
15:29:04.958 32.08 ,907.9437 ,65.47 ,31.89 ,909.1669 ,100.00
15:29:04.967 32.08 ,907.9437 ,65.47 ,31.89 ,909.1669 ,100.00
15:29:04.999 32.08 ,907.9350 ,63.86 ,31.89 ,909.1669 ,100.00
15:29:05.040 32.08 ,907.9350 ,63.86 ,31.86 ,908.8961 ,100.00
15:29:05.046 32.08 ,907.9350 ,63.86 ,31.86 ,908.8961 ,100.00
15:29:05.080 32.03 ,907.9302 ,62.02 ,31.86 ,908.8961 ,100.00
15:29:05.121 32.03 ,907.9302 ,62.02 ,31.86 ,908.8961 ,100.00
15:29:05.129 32.03 ,907.9302 ,62.02 ,31.82 ,908.6375 ,100.00
15:29:05.162 32.03 ,907.9302 ,62.02 ,31.82 ,908.6375 ,100.00
15:29:05.202 31.96 ,907.9547 ,60.36 ,31.82 ,908.6375 ,100.00
15:29:05.210 31.96 ,907.9547 ,60.36 ,31.76 ,908.4932 ,100.00
15:29:05.247 31.96 ,907.9547 ,60.36 ,31.76 ,908.4932 ,100.00
15:29:05.277 31.96 ,907.9547 ,60.36 ,31.76 ,908.4932 ,100.00
15:29:05.283 31.90 ,907.9529 ,59.19 ,31.76 ,908.4932 ,100.00
15:29:05.318 31.90 ,907.9529 ,59.19 ,31.71 ,908.3926 ,100.00
15:29:05.358 31.90 ,907.9529 ,59.19 ,31.71 ,908.3926 ,100.00
15:29:05.365 31.90 ,907.9529 ,58.93 ,31.71 ,908.3926 ,100.00
15:29:05.398 31.86 ,907.9006 ,58.93 ,31.71 ,908.3926 ,100.00
15:29:05.441 31.86 ,907.9006 ,58.93 ,31.70 ,908.5210 ,100.00
15:29:05.446 31.86 ,907.9006 ,61.01 ,31.70 ,908.5210 ,100.00
15:29:05.483 31.82 ,907.8734 ,61.01 ,31.70 ,908.5210 ,100.00
15:29:05.529 31.82 ,907.8734 ,61.01 ,31.70 ,908.5210 ,100.00
15:29:05.534 31.82 ,907.8734 ,61.01 ,31.69 ,909.1749 ,100.00
15:29:05.573 31.86 ,907.8494 ,63.27 ,31.69 ,909.1749 ,100.00
15:29:05.612 31.86 ,907.8494 ,63.27 ,31.69 ,909.1749 ,100.00
15:29:05.646 31.86 ,907.8494 ,63.27 ,31.73 ,909.5447 ,100.00
15:29:05.741 31.95 ,907.8555 ,65.42 ,31.73 ,909.5447 ,100.00
15:29:05.751 31.95 ,907.8555 ,65.42 ,31.73 ,909.5447 ,100.00
15:29:05.785 32.06 ,907.8408 ,67.25 ,31.79 ,909.8805 ,100.00
15:29:05.831 32.06 ,907.8408 ,67.25 ,31.79 ,909.8805 ,100.00
15:29:05.839 32.06 ,907.8408 ,67.25 ,31.85 ,910.1172 ,100.00
15:29:05.872 32.18 ,907.9183 ,68.80 ,31.85 ,910.1172 ,100.00
15:29:05.914 32.18 ,907.9183 ,68.80 ,31.85 ,910.1172 ,100.00
15:29:05.920 32.18 ,907.9183 ,68.80 ,31.91 ,910.4866 ,100.00
15:29:05.955 32.28 ,907.9666 ,69.25 ,31.91 ,910.4866 ,100.00
15:29:06.004 32.28 ,907.9666 ,69.25 ,31.91 ,910.4866 ,100.00
15:29:06.010 32.28 ,907.9666 ,69.25 ,31.97 ,910.6760 ,100.00
15:29:06.043 32.28 ,907.9666 ,69.25 ,31.97 ,910.6760 ,100.00
15:29:06.104 32.34 ,907.9645 ,67.58 ,31.97 ,910.6760 ,100.00
15:29:06.166 32.34 ,907.9645 ,67.58 ,32.00 ,910.6386 ,100.00
15:29:06.246 32.34 ,907.9645 ,67.58 ,32.00 ,910.6386 ,100.00
15:29:06.247 32.29 ,907.9402 ,65.83 ,32.01 ,910.4213 ,100.00
15:29:06.264 32.29 ,907.9402 ,65.83 ,32.01 ,910.4213 ,100.00
15:29:06.298 32.18 ,908.0544 ,64.46 ,31.99 ,909.6222 ,100.00
15:29:06.331 32.18 ,908.0544 ,64.46 ,31.99 ,909.6222 ,100.00
15:29:06.339 32.18 ,908.0544 ,64.46 ,31.99 ,909.6222 ,100.00
15:29:06.371 32.08 ,908.0428 ,63.16 ,31.99 ,909.6222 ,100.00
15:29:06.413 32.08 ,908.0428 ,63.16 ,31.99 ,909.6222 ,100.00
15:29:06.420 32.08 ,908.0428 ,62.58 ,31.95 ,909.5516 ,100.00
15:29:06.455 31.98 ,908.0242 ,62.58 ,31.95 ,909.5516 ,100.00
15:29:06.499 31.98 ,908.0242 ,62.58 ,31.95 ,909.5516 ,100.00
15:29:06.506 31.98 ,908.0242 ,62.58 ,31.91 ,909.2578 ,100.00
15:29:06.540 31.92 ,907.9644 ,63.96 ,31.91 ,909.2578 ,100.00
15:29:06.582 31.92 ,907.9644 ,63.96 ,31.91 ,909.2578 ,100.00
15:29:06.588 31.92 ,907.9644 ,63.96 ,31.89 ,916.2389 ,100.00
15:29:06.624 31.92 ,907.9644 ,63.96 ,31.89 ,916.2389 ,100.00
15:29:06.666 31.92 ,907.8602 ,65.81 ,31.89 ,916.2389 ,100.00
15:29:06.671 31.92 ,907.8602 ,65.81 ,31.87 ,916.4988 ,100.00
15:29:06.709 31.92 ,907.8602 ,65.81 ,31.87 ,916.4988 ,100.00
15:29:06.748 31.92 ,907.8602 ,65.81 ,31.87 ,916.4988 ,100.00
15:29:06.754 31.99 ,907.8530 ,67.65 ,31.87 ,916.4988 ,100.00
15:29:06.791 31.99 ,907.8530 ,67.65 ,31.89 ,917.8328 ,100.00
15:29:06.837 31.99 ,907.8530 ,67.65 ,31.89 ,917.8328 ,100.00
15:29:06.870 32.09 ,907.9512 ,69.02 ,31.89 ,917.8328 ,100.00
15:29:06.917 32.09 ,907.9512 ,69.02 ,31.89 ,917.8328 ,100.00
15:29:06.926 32.09 ,907.9512 ,69.02 ,31.91 ,918.2305 ,100.00
15:29:06.960 32.20 ,907.9311 ,68.61 ,31.91 ,918.2305 ,100.00
15:29:07.056 32.20 ,907.9311 ,68.61 ,31.91 ,918.2305 ,100.00
15:29:07.063 32.20 ,907.9311 ,68.61 ,31.94 ,918.3588 ,100.00
15:29:07.098 32.24 ,907.9958 ,67.06 ,31.96 ,918.2380 ,100.00
15:29:07.136 32.24 ,907.9958 ,67.06 ,31.96 ,918.2380 ,100.00
15:29:07.142 32.19 ,908.0069 ,65.61 ,31.96 ,918.2380 ,100.00
15:29:07.176 32.19 ,908.0069 ,65.61 ,31.96 ,918.2380 ,100.00
15:29:07.210 32.19 ,908.0069 ,65.61 ,31.95 ,917.9921 ,100.00
15:29:07.218 32.19 ,908.0069 ,65.61 ,31.95 ,917.9921 ,100.00
15:29:07.250 32.11 ,908.0875 ,64.19 ,31.95 ,917.9921 ,100.00
15:29:07.293 32.11 ,908.0875 ,64.19 ,31.95 ,917.9921 ,100.00
15:29:07.299 32.11 ,908.0875 ,64.19 ,31.92 ,915.6362 ,100.00
15:29:07.333 32.02 ,908.0659 ,62.89 ,31.92 ,915.6362 ,100.00
15:29:07.376 32.02 ,908.0659 ,62.89 ,31.92 ,915.6362 ,100.00
15:29:07.384 32.02 ,908.0659 ,62.89 ,31.87 ,915.6407 ,100.00
15:29:07.419 31.94 ,908.0655 ,61.64 ,31.87 ,915.6407 ,100.00
15:29:07.562 31.94 ,908.0655 ,61.64 ,31.87 ,915.6407 ,100.00
15:29:07.625 31.94 ,908.0655 ,62.08 ,31.78 ,915.5019 ,100.00
15:29:07.642 31.89 ,908.0094 ,62.08 ,31.78 ,915.5019 ,100.00
15:29:07.678 31.87 ,908.0513 ,63.11 ,31.72 ,915.8203 ,100.00
15:29:07.711 31.87 ,908.0513 ,63.11 ,31.69 ,915.8203 ,100.00
15:29:07.720 31.88 ,908.0056 ,64.55 ,31.69 ,915.8203 ,100.00
15:29:07.753 31.88 ,908.0056 ,64.55 ,31.69 ,915.8203 ,100.00
15:29:07.793 31.88 ,908.0056 ,64.55 ,31.69 ,915.8203 ,100.00
15:29:07.800 31.88 ,908.0056 ,64.55 ,31.69 ,916.0323 ,100.00
15:29:07.822 31.92 ,907.9855 ,66.00 ,31.69 ,916.0323 ,100.00
15:29:07.852 31.92 ,907.9855 ,66.00 ,31.69 ,916.0323 ,100.00
15:29:07.879 31.92 ,907.9855 ,66.00 ,31.71 ,916.4280 ,100.00
15:29:07.883 31.92 ,907.9855 ,66.00 ,31.71 ,916.4280 ,100.00
15:29:07.889 31.98 ,908.0295 ,67.04 ,31.71 ,916.4280 ,100.00
15:29:07.923 31.98 ,908.0295 ,67.04 ,31.71 ,916.4280 ,100.00
15:29:07.964 31.98 ,908.0295 ,67.04 ,31.71 ,916.4280 ,100.00
15:29:07.970 31.98 ,908.0295 ,67.04 ,31.75 ,916.7668 ,100.00
15:29:08.006 32.05 ,908.0083 ,66.49 ,31.75 ,916.7668 ,100.00
15:29:08.043 32.05 ,908.0083 ,66.49 ,31.75 ,916.7668 ,100.00
15:29:08.048 32.05 ,908.0083 ,66.49 ,31.75 ,916.7668 ,100.00
15:29:08.085 32.05 ,908.0083 ,66.49 ,31.78 ,916.8779 ,100.00
15:29:08.115 32.06 ,908.0510 ,65.30 ,31.78 ,916.8779 ,100.00
15:29:08.119 32.06 ,908.0510 ,65.30 ,31.78 ,916.8779 ,100.00
15:29:08.155 32.06 ,908.0510 ,65.30 ,31.78 ,916.8779 ,100.00
15:29:08.197 32.06 ,908.0510 ,65.30 ,31.80 ,916.9900 ,100.00
15:29:08.203 32.06 ,908.0510 ,64.16 ,31.80 ,916.9900 ,100.00
15:29:08.239 32.03 ,908.0450 ,64.16 ,31.80 ,916.9900 ,100.00
15:29:08.330 32.03 ,908.0450 ,64.16 ,31.80 ,916.9900 ,100.00
15:29:08.333 32.03 ,908.0489 ,63.01 ,31.77 ,917.0184 ,100.00
15:29:08.343 31.98 ,908.0489 ,63.01 ,31.77 ,917.0184 ,100.00
15:29:08.376 31.98 ,908.0489 ,63.01 ,31.73 ,917.0916 ,100.00
15:29:08.420 31.98 ,908.0489 ,61.76 ,31.73 ,917.0916 ,100.00
15:29:08.430 31.94 ,908.0829 ,61.77 ,31.73 ,917.0916 ,100.00
15:29:08.462 31.94 ,908.0829 ,61.77 ,31.73 ,917.0916 ,100.00
15:29:08.504 31.94 ,908.0829 ,61.77 ,31.70 ,916.7946 ,100.00
15:29:08.512 31.89 ,908.0835 ,61.39 ,31.70 ,916.7946 ,100.00
15:29:08.544 31.89 ,908.0835 ,61.39 ,31.70 ,916.7946 ,100.00
15:29:08.585 31.89 ,908.0835 ,61.39 ,31.70 ,916.7946 ,100.00
15:29:08.592 31.89 ,908.0835 ,61.39 ,31.68 ,917.1227 ,100.00
15:29:08.624 31.87 ,908.0776 ,62.57 ,31.68 ,917.1227 ,100.00
15:29:08.666 31.87 ,908.0776 ,62.57 ,31.68 ,917.1227 ,100.00
15:29:08.673 31.87 ,908.0776 ,62.57 ,31.69 ,917.3773 ,100.00
15:29:08.707 31.87 ,908.0089 ,64.19 ,31.69 ,917.3773 ,100.00
15:29:08.752 31.87 ,908.0089 ,64.19 ,31.69 ,917.3773 ,100.00
15:29:08.761 31.87 ,908.0089 ,64.19 ,31.72 ,917.4219 ,100.00
15:29:08.793 31.92 ,908.0173 ,65.98 ,31.72 ,917.4219 ,100.00
15:29:08.856 31.92 ,908.0173 ,65.98 ,31.72 ,917.4219 ,100.00
15:29:08.862 31.92 ,907.9559 ,67.61 ,31.78 ,920.8088 ,100.00
15:29:08.899 32.00 ,907.9559 ,67.61 ,31.78 ,920.8088 ,100.00
15:29:08.943 32.00 ,907.9559 ,67.61 ,31.78 ,920.8088 ,100.00
15:29:09.034 32.00 ,907.9559 ,67.61 ,31.82 ,921.4080 ,100.00
15:29:09.044 32.10 ,908.0115 ,69.00 ,31.82 ,921.4080 ,100.00
15:29:09.069 32.20 ,908.0300 ,69.90 ,31.87 ,921.6348 ,100.00
15:29:09.085 32.20 ,908.0300 ,69.90 ,31.87 ,921.6348 ,100.00
15:29:09.094 32.20 ,908.0300 ,69.90 ,31.87 ,921.6348 ,100.00
15:29:09.128 32.20 ,908.0300 ,69.90 ,31.87 ,921.6348 ,100.00
15:29:09.170 32.20 ,908.0300 ,69.90 ,31.87 ,921.6348 ,100.00
15:29:09.179 32.20 ,908.0300 ,69.90 ,31.92 ,922.1006 ,100.00
15:29:09.212 32.27 ,908.0247 ,69.56 ,31.92 ,922.1006 ,100.00
15:29:09.259 32.27 ,908.0247 ,69.56 ,31.92 ,922.1006 ,100.00
15:29:09.265 32.27 ,908.0247 ,69.56 ,31.97 ,921.8397 ,100.00
15:29:09.300 32.28 ,908.0389 ,68.61 ,31.97 ,921.8397 ,100.00
15:29:09.340 32.28 ,908.0389 ,68.61 ,31.97 ,921.8397 ,100.00
15:29:09.347 32.28 ,908.0389 ,68.61 ,31.98 ,922.1191 ,100.00
15:29:09.381 32.23 ,908.0517 ,67.50 ,31.98 ,922.1191 ,100.00
15:29:09.419 32.23 ,908.0517 ,67.50 ,31.98 ,922.1191 ,100.00
15:29:09.426 32.23 ,908.0517 ,67.50 ,31.98 ,922.1191 ,100.00
15:29:09.461 32.23 ,908.0517 ,67.50 ,31.97 ,922.0295 ,100.00
15:29:09.504 32.16 ,908.0377 ,66.17 ,31.97 ,922.0295 ,100.00
15:29:09.510 32.16 ,908.0377 ,66.17 ,31.97 ,922.0295 ,100.00
15:29:09.545 32.16 ,908.0377 ,66.17 ,31.97 ,922.0295 ,100.00
15:29:09.585 32.16 ,908.2126 ,64.89 ,31.95 ,921.5170 ,100.00
15:29:09.590 32.09 ,908.1119 ,64.89 ,31.95 ,921.5170 ,100.00
15:29:09.627 32.09 ,908.1119 ,64.89 ,31.95 ,921.5170 ,100.00
15:29:09.717 32.09 ,908.1119 ,64.89 ,31.95 ,921.5170 ,100.00
15:29:09.719 32.09 ,908.1119 ,65.23 ,31.93 ,921.5597 ,100.00
15:29:09.728 32.03 ,908.0908 ,65.23 ,31.93 ,921.5597 ,100.00
15:29:09.762 31.99 ,907.9997 ,66.48 ,31.91 ,921.5659 ,100.00
15:29:09.806 31.99 ,907.9997 ,66.48 ,31.91 ,921.5659 ,100.00
15:29:09.815 31.99 ,907.9997 ,66.48 ,31.91 ,921.5659 ,100.00
15:29:09.848 31.99 ,907.9997 ,66.48 ,31.91 ,921.9814 ,100.00
15:29:09.888 32.02 ,907.9897 ,68.10 ,31.91 ,921.9814 ,100.00
15:29:09.897 32.02 ,907.9897 ,68.10 ,31.91 ,921.9814 ,100.00
15:29:09.929 32.02 ,907.9897 ,68.10 ,31.91 ,921.9814 ,100.00
15:29:09.968 32.02 ,907.9897 ,68.10 ,31.91 ,922.0637 ,100.00
15:29:09.975 32.10 ,908.0184 ,69.44 ,31.91 ,922.0637 ,100.00
15:29:10.008 32.10 ,908.0184 ,69.44 ,31.91 ,922.0637 ,100.00
15:29:10.042 32.10 ,908.0184 ,69.44 ,31.91 ,922.0637 ,100.00
15:29:10.049 32.10 ,908.0184 ,69.44 ,31.94 ,922.2249 ,100.00
15:29:10.082 32.19 ,908.0245 ,70.79 ,31.94 ,922.2249 ,100.00
15:29:10.137 32.19 ,908.0245 ,70.79 ,31.94 ,922.2249 ,100.00
15:29:10.189 32.19 ,908.0245 ,71.78 ,31.97 ,922.3639 ,100.00
15:29:10.217 32.29 ,908.0306 ,71.78 ,31.97 ,922.3639 ,100.00
15:29:10.225 32.29 ,908.0306 ,72.03 ,32.00 ,922.3898 ,100.00
15:29:10.261 32.38 ,908.0577 ,72.04 ,32.00 ,922.3898 ,100.00
15:29:10.322 32.38 ,908.0577 ,72.04 ,32.00 ,922.3898 ,100.00
15:29:10.323 32.38 ,908.0577 ,72.04 ,32.00 ,922.3898 ,100.00
15:29:10.439 32.38 ,908.0577 ,72.04 ,32.00 ,922.1982 ,100.00
15:29:10.458 32.43 ,908.0536 ,71.02 ,32.04 ,922.1982 ,100.00
15:29:10.463 32.43 ,908.0536 ,69.66 ,32.06 ,922.1384 ,100.00
15:29:10.497 32.39 ,908.1040 ,69.66 ,32.06 ,922.1384 ,100.00
15:29:10.541 32.39 ,908.1040 ,69.66 ,32.06 ,922.1384 ,100.00
15:29:10.548 32.39 ,908.1040 ,68.40 ,32.06 ,921.8180 ,100.00
15:29:10.583 32.31 ,908.1319 ,68.40 ,32.06 ,921.8180 ,100.00
15:29:10.624 32.31 ,908.1319 ,68.40 ,32.06 ,921.8180 ,100.00
15:29:10.630 32.31 ,908.1241 ,67.15 ,32.03 ,921.8463 ,100.00
15:29:10.668 32.22 ,908.1241 ,67.15 ,32.03 ,921.8463 ,100.00
15:29:10.744 32.22 ,908.1241 ,67.15 ,32.03 ,921.8463 ,100.00
15:29:10.747 32.15 ,908.1169 ,65.77 ,32.00 ,921.8553 ,100.00
15:29:10.755 32.15 ,908.1169 ,65.77 ,32.00 ,921.8553 ,100.00
15:29:10.788 32.15 ,908.1169 ,65.77 ,32.00 ,921.8553 ,100.00
15:29:10.828 32.15 ,908.1169 ,65.77 ,32.00 ,921.8553 ,100.00
15:29:10.836 32.15 ,908.1169 ,65.77 ,32.00 ,921.7216 ,100.00
15:29:10.871 32.09 ,908.1578 ,64.19 ,31.97 ,921.7216 ,100.00
15:29:10.913 32.09 ,908.1578 ,64.19 ,31.97 ,921.7216 ,100.00
15:29:10.918 32.09 ,908.1578 ,64.19 ,31.93 ,921.4117 ,100.00
15:29:10.953 32.03 ,908.1139 ,63.98 ,31.93 ,921.4117 ,100.00
15:29:11.033 32.03 ,908.1139 ,63.98 ,31.93 ,921.4117 ,100.00
15:29:11.037 32.03 ,908.1139 ,65.22 ,31.91 ,921.5219 ,100.00
15:29:11.072 32.00 ,908.0545 ,65.22 ,31.91 ,921.5219 ,100.00
15:29:11.116 32.00 ,908.0545 ,65.22 ,31.91 ,921.5219 ,100.00
15:29:11.122 32.00 ,908.0545 ,65.22 ,31.89 ,921.7197 ,100.00
15:29:11.158 32.02 ,908.0695 ,66.56 ,31.89 ,921.7197 ,100.00
15:29:11.203 32.02 ,908.0695 ,66.56 ,31.89 ,921.7197 ,100.00
15:29:11.210 32.02 ,908.0695 ,66.56 ,31.89 ,921.5300 ,100.00
15:29:11.243 32.08 ,908.0179 ,67.98 ,31.88 ,921.5120 ,100.00
15:29:11.282 32.08 ,908.0179 ,67.98 ,31.88 ,921.5120 ,100.00
15:29:11.289 32.08 ,908.0179 ,67.98 ,31.88 ,921.5120 ,100.00
15:29:11.323 32.15 ,908.0039 ,69.40 ,31.88 ,921.5120 ,100.00
15:29:11.365 32.15 ,908.0039 ,69.40 ,31.88 ,921.8149 ,100.00
15:29:11.371 32.15 ,908.0039 ,69.40 ,31.88 ,921.8149 ,100.00
15:29:11.406 32.15 ,908.0039 ,69.40 ,31.88 ,921.8149 ,100.00
15:29:11.445 32.23 ,908.0502 ,70.64 ,31.88 ,921.8149 ,100.00
15:29:11.451 32.23 ,908.0502 ,70.64 ,31.88 ,921.4303 ,100.00
15:29:11.488 32.23 ,908.0502 ,70.64 ,31.88 ,921.4303 ,100.00
15:29:11.602 32.23 ,908.0502 ,70.64 ,31.88 ,921.4303 ,100.00
15:29:11.605 32.39 ,908.0756 ,72.67 ,31.90 ,921.4780 ,100.00
15:29:11.638 32.39 ,908.0756 ,72.67 ,31.92 ,921.8131 ,100.00
15:29:11.711 32.39 ,908.0756 ,72.67 ,31.92 ,921.8131 ,100.00
15:29:11.763 32.45 ,908.0775 ,72.77 ,31.92 ,921.8131 ,100.00
15:29:11.769 32.45 ,908.0775 ,72.77 ,31.94 ,922.0577 ,100.00
15:29:11.771 32.45 ,908.0775 ,72.77 ,31.94 ,922.0577 ,100.00
15:29:11.779 32.45 ,908.0775 ,72.77 ,31.94 ,922.0577 ,100.00
15:29:11.813 32.48 ,908.0605 ,71.93 ,31.94 ,922.0577 ,100.00
15:29:11.844 32.48 ,908.0605 ,71.93 ,31.95 ,922.1785 ,100.00
15:29:11.852 32.48 ,908.0605 ,71.93 ,31.95 ,922.1785 ,100.00
15:29:11.887 32.48 ,908.0605 ,71.93 ,31.95 ,922.1785 ,100.00
15:29:11.918 32.48 ,908.0605 ,71.93 ,31.95 ,922.1785 ,100.00
15:29:11.923 32.45 ,908.0683 ,70.66 ,31.95 ,922.2484 ,100.00
15:29:11.959 32.45 ,908.0683 ,70.66 ,31.95 ,922.2484 ,100.00
15:29:11.999 32.45 ,908.0683 ,70.66 ,31.95 ,922.2484 ,100.00
15:29:12.033 32.37 ,908.1195 ,69.29 ,31.94 ,922.2439 ,100.00
15:29:12.078 32.37 ,908.1195 ,69.29 ,31.94 ,922.2439 ,100.00
15:29:12.086 32.37 ,908.1195 ,69.29 ,31.94 ,922.2439 ,100.00
15:29:12.120 32.27 ,908.1096 ,67.62 ,31.91 ,922.2617 ,100.00
15:29:12.215 32.27 ,908.1096 ,67.62 ,31.91 ,922.2617 ,100.00
15:29:12.224 32.27 ,908.1096 ,67.62 ,31.91 ,922.2955 ,100.00
15:29:12.256 32.19 ,908.0722 ,66.31 ,31.89 ,922.2955 ,100.00
15:29:12.301 32.19 ,908.0722 ,66.31 ,31.89 ,922.2955 ,100.00
15:29:12.309 32.19 ,908.0722 ,66.31 ,31.86 ,922.2819 ,100.00
15:29:12.342 32.12 ,908.1072 ,65.01 ,31.86 ,922.2819 ,100.00
15:29:12.384 32.12 ,908.1072 ,65.01 ,31.86 ,922.2819 ,100.00
15:29:12.389 32.12 ,908.1072 ,65.01 ,31.86 ,922.2819 ,100.00
15:29:12.423 32.06 ,908.1163 ,64.44 ,31.85 ,922.1997 ,100.00
15:29:12.464 32.06 ,908.1163 ,64.44 ,31.85 ,922.1997 ,100.00
15:29:12.472 32.06 ,908.1163 ,64.44 ,31.85 ,922.1997 ,100.00
15:29:12.505 32.01 ,908.0567 ,65.38 ,31.85 ,922.1997 ,100.00
15:29:12.548 32.01 ,908.0567 ,65.38 ,31.85 ,922.0343 ,100.00
15:29:12.554 32.01 ,908.0567 ,65.38 ,31.85 ,922.0343 ,100.00
15:29:12.589 32.01 ,908.0567 ,66.81 ,31.85 ,922.0343 ,100.00
15:29:12.632 32.02 ,908.0306 ,66.81 ,31.85 ,922.0343 ,100.00
15:29:12.639 32.02 ,908.0306 ,66.81 ,31.85 ,921.1222 ,100.00
15:29:12.671 32.02 ,908.0306 ,66.81 ,31.85 ,921.1222 ,100.00
15:29:12.713 32.07 ,908.0281 ,68.23 ,31.85 ,921.1222 ,100.00
15:29:12.719 32.07 ,908.0281 ,68.23 ,31.85 ,921.2944 ,100.00
15:29:12.758 32.07 ,908.0281 ,68.23 ,31.85 ,921.2944 ,100.00
15:29:12.796 32.07 ,908.0281 ,68.23 ,31.85 ,921.2944 ,100.00
15:29:12.829 32.13 ,907.9877 ,69.73 ,31.85 ,921.4807 ,100.00
15:29:12.875 32.13 ,907.9877 ,69.73 ,31.85 ,921.4807 ,100.00
15:29:12.939 32.13 ,907.9877 ,69.73 ,31.85 ,921.4807 ,100.00
15:29:12.942 32.21 ,907.9897 ,70.86 ,31.85 ,921.8011 ,100.00
15:29:12.951 32.21 ,907.9897 ,70.86 ,31.85 ,921.8011 ,100.00
15:29:12.983 32.29 ,908.0359 ,72.01 ,31.85 ,921.8011 ,100.00
15:29:13.044 32.29 ,908.0359 ,72.01 ,31.85 ,921.8011 ,100.00
15:29:13.115 32.29 ,908.0359 ,72.01 ,31.87 ,922.0541 ,100.00
15:29:13.131 32.36 ,908.0945 ,72.84 ,31.87 ,922.0541 ,100.00
15:29:13.133 32.36 ,908.0945 ,72.84 ,31.89 ,922.1862 ,100.00
15:29:13.168 32.36 ,908.0945 ,72.84 ,31.89 ,922.1862 ,100.00
15:29:13.204 32.42 ,908.1384 ,72.48 ,31.89 ,922.1862 ,100.00
15:29:13.209 32.42 ,908.1384 ,72.48 ,31.91 ,922.3805 ,100.00
15:29:13.242 32.42 ,908.1384 ,
15:29:13.279 Disconnected
