15:54:30.926 Connecting to WIFLEN ...
15:54:31.630 Connected
15:54:31.666 35.60 ,908.2145 ,76.30 ,38.37 ,908.2610 ,67.93
15:54:31.681 35.60 ,908.2145 ,76.30 ,38.37 ,908.2610 ,67.93
15:54:31.736 35.63 ,908.2489 ,76.49 ,38.37 ,908.2610 ,67.93
15:54:31.748 35.63 ,908.2489 ,76.49 ,38.44 ,908.2634 ,68.70
15:54:31.783 35.63 ,908.2489 ,76.49 ,38.44 ,908.2634 ,68.70
15:54:31.827 35.65 ,908.2686 ,76.83 ,38.44 ,908.2634 ,68.70
15:54:31.836 35.65 ,908.2686 ,76.83 ,38.44 ,908.2634 ,69.60
15:54:31.871 35.65 ,908.2686 ,76.83 ,38.51 ,908.2653 ,69.60
15:54:31.912 35.65 ,908.2686 ,76.83 ,38.51 ,908.2653 ,69.60
15:54:31.920 35.67 ,908.2563 ,77.13 ,38.51 ,908.2742 ,70.13
15:54:31.953 35.67 ,908.2563 ,77.13 ,38.58 ,908.2742 ,70.13
15:54:32.009 35.67 ,908.2563 ,77.13 ,38.58 ,908.2742 ,70.13
15:54:32.013 35.69 ,908.2319 ,77.35 ,38.63 ,908.2795 ,70.57
15:54:32.046 35.69 ,908.2319 ,77.35 ,38.63 ,908.2795 ,70.57
15:54:32.084 35.69 ,908.2319 ,77.35 ,38.63 ,908.2795 ,70.57
15:54:32.091 35.69 ,908.2319 ,77.54 ,38.63 ,908.2795 ,70.57
15:54:32.128 35.71 ,908.2356 ,77.54 ,38.68 ,908.2742 ,70.84
15:54:32.169 35.71 ,908.2356 ,77.54 ,38.68 ,908.2742 ,70.84
15:54:32.175 35.71 ,908.2356 ,77.72 ,38.68 ,908.2742 ,70.84
15:54:32.211 35.73 ,908.2180 ,77.72 ,38.68 ,908.2742 ,70.84
15:54:32.256 35.73 ,908.2180 ,77.72 ,38.71 ,908.2761 ,71.04
15:54:32.261 35.73 ,908.2180 ,77.82 ,38.71 ,908.2761 ,71.04
15:54:32.297 35.74 ,908.2291 ,77.82 ,38.71 ,908.2761 ,71.04
15:54:32.388 35.74 ,908.2291 ,77.82 ,38.71 ,908.2761 ,71.04
15:54:32.391 35.74 ,908.2291 ,77.73 ,38.74 ,908.1812 ,70.55
15:54:32.402 35.75 ,908.1562 ,77.73 ,38.74 ,908.1812 ,70.55
15:54:32.436 35.75 ,908.1562 ,77.73 ,38.75 ,908.0352 ,69.06
15:54:32.478 35.75 ,908.1562 ,77.73 ,38.75 ,908.0352 ,69.06
15:54:32.487 35.75 ,908.1562 ,77.73 ,38.75 ,908.0352 ,69.06
15:54:32.521 35.75 ,908.1526 ,77.24 ,38.69 ,908.0368 ,67.97
15:54:32.548 35.75 ,908.1526 ,77.24 ,38.69 ,908.0368 ,67.97
15:54:32.556 35.75 ,908.1526 ,77.24 ,38.69 ,908.0368 ,67.97
15:54:32.589 35.73 ,908.1806 ,76.70 ,38.69 ,908.0368 ,67.97
15:54:32.630 35.73 ,908.1806 ,76.70 ,38.69 ,908.0368 ,67.97
15:54:32.637 35.73 ,908.1806 ,76.70 ,38.59 ,908.0421 ,67.07
15:54:32.670 35.73 ,908.1806 ,76.08 ,38.59 ,908.0421 ,67.07
15:54:32.714 35.69 ,908.1680 ,76.08 ,38.59 ,908.0421 ,67.07
15:54:32.720 35.69 ,908.1680 ,76.08 ,38.48 ,908.0735 ,65.94
15:54:32.754 35.69 ,908.1680 ,76.08 ,38.48 ,908.0735 ,65.94
15:54:32.798 35.69 ,908.2134 ,75.43 ,38.48 ,908.0735 ,65.94
15:54:32.804 35.63 ,908.2134 ,75.43 ,38.39 ,908.3036 ,65.29
15:54:32.838 35.63 ,908.2134 ,75.43 ,38.39 ,908.3036 ,65.29
15:54:32.879 35.63 ,908.2134 ,75.43 ,38.39 ,908.3036 ,65.29
15:54:32.885 35.58 ,908.2678 ,74.99 ,38.39 ,908.3036 ,65.29
15:54:32.909 35.58 ,908.2678 ,74.99 ,38.31 ,908.2766 ,65.79
15:54:32.965 35.58 ,908.2678 ,74.99 ,38.31 ,908.2766 ,65.79
15:54:32.969 35.58 ,908.2678 ,74.99 ,38.31 ,908.2766 ,65.79
15:54:32.973 35.54 ,908.3044 ,74.80 ,38.31 ,908.2766 ,65.79
15:54:32.979 35.54 ,908.3044 ,74.80 ,38.31 ,908.2766 ,65.79
15:54:33.017 35.54 ,908.3044 ,74.80 ,38.28 ,908.2750 ,66.62
15:54:33.054 35.54 ,908.3044 ,74.80 ,38.28 ,908.2750 ,66.62
15:54:33.088 35.51 ,908.2985 ,74.95 ,38.28 ,908.2750 ,66.62
15:54:33.134 35.51 ,908.2985 ,74.95 ,38.28 ,908.2750 ,66.62
15:54:33.143 35.51 ,908.2985 ,74.95 ,38.32 ,908.2645 ,67.78
15:54:33.175 35.51 ,908.2950 ,75.34 ,38.32 ,908.2645 ,67.78
15:54:33.222 35.51 ,908.2950 ,75.34 ,38.32 ,908.2645 ,67.78
15:54:33.230 35.51 ,908.2950 ,75.34 ,38.32 ,908.2737 ,68.86
15:54:33.263 35.53 ,908.2581 ,75.83 ,38.38 ,908.2737 ,68.86
15:54:33.308 35.53 ,908.2581 ,75.83 ,38.38 ,908.2737 ,68.86
15:54:33.314 35.53 ,908.2581 ,75.83 ,38.46 ,908.2492 ,69.82
15:54:33.347 35.53 ,908.2581 ,75.83 ,38.46 ,908.2492 ,69.82
15:54:33.385 35.57 ,908.2975 ,76.28 ,38.46 ,908.2492 ,69.82
15:54:33.390 35.57 ,908.2975 ,76.28 ,38.46 ,908.2492 ,69.82
15:54:33.424 35.57 ,908.2975 ,76.28 ,38.53 ,908.2598 ,70.66
15:54:33.514 35.57 ,908.2975 ,76.28 ,38.53 ,908.2598 ,70.66
15:54:33.519 35.61 ,908.2947 ,76.85 ,38.59 ,908.2828 ,71.43
15:54:33.552 35.61 ,908.2947 ,76.85 ,38.59 ,908.2828 ,71.43
15:54:33.598 35.66 ,908.3184 ,77.33 ,38.59 ,908.2828 ,71.43
15:54:33.606 35.66 ,908.3184 ,77.33 ,38.64 ,908.2866 ,72.05
15:54:33.640 35.66 ,908.3184 ,77.33 ,38.64 ,908.2866 ,72.05
15:54:33.650 35.71 ,908.2693 ,77.79 ,38.64 ,908.2866 ,72.05
15:54:33.657 35.71 ,908.2693 ,77.79 ,38.64 ,908.2866 ,72.05
15:54:33.689 35.71 ,908.2693 ,77.79 ,38.64 ,908.2866 ,72.05
15:54:33.704 35.71 ,908.2693 ,77.79 ,38.64 ,908.2866 ,72.05
15:54:33.710 35.71 ,908.2693 ,77.79 ,38.68 ,908.2919 ,72.41
15:54:33.751 35.71 ,908.2693 ,77.79 ,38.68 ,908.2919 ,72.41
15:54:33.770 35.75 ,908.2522 ,77.98 ,38.68 ,908.2919 ,72.41
15:54:33.774 35.75 ,908.2522 ,77.98 ,38.68 ,908.2919 ,72.41
15:54:33.808 35.75 ,908.2522 ,77.98 ,38.68 ,908.2919 ,72.58
15:54:33.823 35.75 ,908.2522 ,77.98 ,38.71 ,908.2813 ,72.58
15:54:33.829 35.75 ,908.2522 ,77.98 ,38.71 ,908.2813 ,72.58
15:54:33.862 35.78 ,908.1992 ,78.27 ,38.71 ,908.2813 ,72.58
15:54:33.872 35.78 ,908.1992 ,78.27 ,38.71 ,908.2813 ,72.58
15:54:33.881 35.78 ,908.1992 ,78.27 ,38.71 ,908.2813 ,72.58
15:54:33.917 35.78 ,908.1992 ,78.27 ,38.73 ,908.1373 ,71.36
15:54:33.925 35.78 ,908.1992 ,78.27 ,38.73 ,908.1373 ,71.36
15:54:33.930 35.78 ,908.1818 ,77.95 ,38.73 ,908.1373 ,71.36
15:54:33.969 35.80 ,908.1818 ,77.95 ,38.73 ,908.1373 ,71.36
15:54:33.982 35.80 ,908.1818 ,77.95 ,38.73 ,908.1373 ,71.36
15:54:34.017 35.80 ,908.1818 ,77.95 ,38.70 ,908.1671 ,70.27
15:54:34.025 35.80 ,908.1818 ,77.95 ,38.70 ,908.1671 ,70.27
15:54:34.034 35.80 ,908.1605 ,77.17 ,38.70 ,908.1671 ,70.27
15:54:34.067 35.80 ,908.1605 ,77.17 ,38.70 ,908.1671 ,70.27
15:54:34.076 35.80 ,908.1605 ,77.17 ,38.70 ,908.1671 ,70.27
15:54:34.083 35.80 ,908.1605 ,77.17 ,38.70 ,908.1671 ,70.27
15:54:34.117 35.80 ,908.1605 ,77.17 ,38.60 ,908.1002 ,69.24
15:54:34.135 35.80 ,908.1605 ,77.17 ,38.60 ,908.1002 ,69.24
15:54:34.143 35.76 ,908.1671 ,76.33 ,38.60 ,908.1002 ,69.24
15:54:34.176 35.76 ,908.1671 ,76.33 ,38.60 ,908.1002 ,69.24
15:54:34.185 35.76 ,908.1671 ,76.33 ,38.60 ,908.1002 ,69.24
15:54:34.193 35.76 ,908.1671 ,76.33 ,38.50 ,908.1245 ,68.16
15:54:34.229 35.76 ,908.1671 ,76.33 ,38.50 ,908.1245 ,68.16
15:54:34.240 35.70 ,908.1805 ,75.52 ,38.50 ,908.1245 ,68.16
15:54:34.246 35.70 ,908.1805 ,75.52 ,38.50 ,908.1245 ,68.16
15:54:34.283 35.70 ,908.1805 ,75.52 ,38.50 ,908.1245 ,68.16
15:54:34.291 35.70 ,908.1805 ,75.52 ,38.50 ,908.1245 ,68.16
15:54:34.297 35.70 ,908.1805 ,75.52 ,38.40 ,908.1875 ,66.96
15:54:34.331 35.70 ,908.1805 ,75.52 ,38.40 ,908.1875 ,66.96
15:54:34.342 35.63 ,908.1920 ,74.83 ,38.40 ,908.1875 ,66.96
15:54:34.348 35.63 ,908.1920 ,74.83 ,38.40 ,908.1875 ,66.96
15:54:34.383 35.63 ,908.1920 ,74.83 ,38.40 ,908.1875 ,66.96
15:54:34.393 35.63 ,908.1920 ,74.83 ,38.40 ,908.1875 ,66.96
15:54:34.399 35.63 ,908.1920 ,74.83 ,38.29 ,908.2275 ,65.87
15:54:34.436 35.63 ,908.1920 ,74.83 ,38.29 ,908.2275 ,65.87
15:54:34.445 35.56 ,908.2654 ,74.11 ,38.29 ,908.2275 ,65.87
15:54:34.450 35.56 ,908.2654 ,74.11 ,38.29 ,908.2275 ,65.87
15:54:34.489 35.56 ,908.2654 ,74.11 ,38.29 ,908.2275 ,65.87
15:54:34.496 35.56 ,908.2654 ,74.11 ,38.29 ,908.2275 ,65.87
15:54:34.501 35.56 ,908.2654 ,74.11 ,38.21 ,908.3030 ,66.35
15:54:34.541 35.51 ,908.2861 ,73.75 ,38.21 ,908.3030 ,66.35
15:54:34.556 35.51 ,908.2861 ,73.75 ,38.21 ,908.3030 ,66.35
15:54:34.561 35.51 ,908.2861 ,73.75 ,38.21 ,908.3030 ,66.35
15:54:34.603 35.51 ,908.2861 ,73.75 ,38.21 ,908.3030 ,66.35
15:54:34.614 35.51 ,908.2861 ,73.75 ,38.19 ,908.3152 ,67.86
15:54:34.649 35.47 ,908.3674 ,74.27 ,38.19 ,908.3152 ,67.86
15:54:34.660 35.47 ,908.3674 ,74.27 ,38.19 ,908.3152 ,67.86
15:54:34.669 35.47 ,908.3674 ,74.27 ,38.19 ,908.3152 ,67.86
15:54:34.702 35.47 ,908.3674 ,74.27 ,38.19 ,908.3152 ,67.86
15:54:34.762 35.47 ,908.3674 ,74.27 ,38.22 ,908.2729 ,69.12
15:54:34.771 35.47 ,908.3834 ,75.03 ,38.22 ,908.2729 ,69.12
15:54:34.804 35.47 ,908.3834 ,75.03 ,38.22 ,908.2729 ,70.09
15:54:34.817 35.47 ,908.3834 ,75.03 ,38.30 ,908.2626 ,70.09
15:54:34.823 35.51 ,908.2878 ,75.61 ,38.30 ,908.2626 ,70.09
15:54:34.857 35.51 ,908.2878 ,75.61 ,38.30 ,908.2626 ,70.09
15:54:34.867 35.51 ,908.2878 ,75.61 ,38.30 ,908.2626 ,70.09
15:54:34.873 35.51 ,908.2878 ,75.61 ,38.30 ,908.2626 ,70.09
15:54:34.910 35.51 ,908.2878 ,75.61 ,38.37 ,908.2683 ,70.85
15:54:34.918 35.51 ,908.2878 ,75.61 ,38.37 ,908.2683 ,70.85
15:54:34.923 35.57 ,908.3223 ,76.11 ,38.37 ,908.2683 ,70.85
15:54:34.960 35.57 ,908.3223 ,76.11 ,38.37 ,908.2683 ,70.85
15:54:34.979 35.57 ,908.3223 ,76.11 ,38.37 ,908.2683 ,70.85
15:54:34.985 35.57 ,908.3223 ,76.11 ,38.44 ,908.2684 ,71.47
15:54:35.023 35.57 ,908.3223 ,76.11 ,38.44 ,908.2684 ,71.47
15:54:35.034 35.62 ,908.2414 ,76.63 ,38.44 ,908.2684 ,71.47
15:54:35.075 35.62 ,908.2414 ,76.63 ,38.44 ,908.2684 ,71.47
15:54:35.085 35.62 ,908.2414 ,76.63 ,38.44 ,908.2684 ,71.47
15:54:35.118 35.62 ,908.2414 ,76.63 ,38.48 ,908.2195 ,71.55
15:54:35.127 35.67 ,908.1622 ,76.80 ,38.48 ,908.2195 ,71.55
15:54:35.136 35.67 ,908.1622 ,76.80 ,38.48 ,908.2195 ,71.55
15:54:35.169 35.67 ,908.1622 ,76.80 ,38.48 ,908.2195 ,71.55
15:54:35.177 35.67 ,908.1622 ,76.80 ,38.48 ,908.2195 ,71.55
15:54:35.185 35.67 ,908.1622 ,76.80 ,38.48 ,907.9788 ,70.36
15:54:35.219 35.67 ,908.1622 ,76.80 ,38.51 ,907.9788 ,70.36
15:54:35.229 35.69 ,908.0952 ,75.99 ,38.51 ,907.9788 ,70.36
15:54:35.237 35.69 ,908.0952 ,75.99 ,38.51 ,907.9788 ,70.36
15:54:35.269 35.69 ,908.0952 ,75.99 ,38.51 ,907.9788 ,70.36
15:54:35.277 35.69 ,908.0952 ,75.99 ,38.51 ,907.9788 ,70.36
15:54:35.284 35.69 ,908.0952 ,75.99 ,38.48 ,908.0736 ,69.43
15:54:35.322 35.68 ,908.0663 ,74.92 ,38.48 ,908.0736 ,69.43
15:54:35.337 35.68 ,908.0663 ,74.92 ,38.48 ,908.0736 ,69.43
15:54:35.338 35.68 ,908.0663 ,74.92 ,38.48 ,908.0736 ,69.43
15:54:35.374 35.68 ,908.0663 ,74.92 ,38.48 ,908.0736 ,69.43
15:54:35.385 35.68 ,908.0663 ,74.92 ,38.48 ,908.0736 ,69.43
15:54:35.389 35.68 ,908.0663 ,74.92 ,38.40 ,907.8342 ,68.31
15:54:35.427 35.62 ,908.0106 ,73.63 ,38.40 ,907.8342 ,68.31
15:54:35.438 35.62 ,908.0106 ,73.63 ,38.40 ,907.8342 ,68.31
15:54:35.443 35.62 ,908.0106 ,73.63 ,38.40 ,907.8342 ,68.31
15:54:35.478 35.62 ,908.0106 ,73.63 ,38.40 ,907.8342 ,68.31
15:54:35.490 35.62 ,908.0106 ,73.63 ,38.40 ,907.8342 ,68.31
15:54:35.526 35.54 ,908.1623 ,72.69 ,38.30 ,908.0517 ,67.39
15:54:35.535 35.54 ,908.1623 ,72.69 ,38.30 ,908.0517 ,67.39
15:54:35.544 35.54 ,908.1623 ,72.69 ,38.30 ,908.0517 ,67.39
15:54:35.577 35.54 ,908.1623 ,72.69 ,38.30 ,908.0517 ,67.39
15:54:35.589 35.54 ,908.1623 ,72.69 ,38.30 ,908.0517 ,67.39
15:54:35.596 35.54 ,908.1623 ,72.69 ,38.20 ,908.3484 ,67.94
15:54:35.630 35.46 ,908.5464 ,72.74 ,38.20 ,908.3484 ,67.94
15:54:35.639 35.46 ,908.5464 ,72.74 ,38.20 ,908.3484 ,67.94
15:54:35.647 35.46 ,908.5464 ,72.74 ,38.20 ,908.3484 ,67.94
15:54:35.682 35.46 ,908.5464 ,72.74 ,38.20 ,908.3484 ,67.94
15:54:35.691 35.46 ,908.5464 ,72.74 ,38.20 ,908.3484 ,68.99
15:54:35.696 35.42 ,908.4267 ,73.35 ,38.14 ,908.2902 ,68.99
15:54:35.733 35.42 ,908.4267 ,73.35 ,38.14 ,908.2902 ,68.99
15:54:35.742 35.42 ,908.4267 ,73.35 ,38.14 ,908.2902 ,68.99
15:54:35.747 35.42 ,908.4267 ,73.35 ,38.14 ,908.2902 ,68.99
15:54:35.786 35.42 ,908.4267 ,73.35 ,38.14 ,908.2902 ,68.99
15:54:35.808 35.42 ,908.4267 ,73.35 ,38.15 ,908.2553 ,69.87
15:54:35.843 35.43 ,908.3859 ,74.12 ,38.15 ,908.2553 ,69.87
15:54:35.859 35.43 ,908.3859 ,74.12 ,38.15 ,908.2553 ,69.87
15:54:35.903 35.43 ,908.3859 ,74.12 ,38.15 ,908.2553 ,69.87
15:54:35.904 35.43 ,908.3859 ,74.12 ,38.19 ,908.2325 ,70.49
15:54:35.913 35.48 ,908.2537 ,74.78 ,38.19 ,908.2325 ,70.49
15:54:35.946 35.48 ,908.2537 ,74.78 ,38.19 ,908.2325 ,70.49
15:54:35.954 35.48 ,908.2537 ,74.78 ,38.19 ,908.2325 ,70.49
15:54:35.960 35.48 ,908.2537 ,74.78 ,38.19 ,908.2325 ,70.49
15:54:35.999 35.48 ,908.2537 ,74.78 ,38.19 ,908.2644 ,70.98
15:54:36.053 35.53 ,908.3380 ,75.46 ,38.25 ,908.2644 ,70.98
15:54:36.063 35.53 ,908.3380 ,75.46 ,38.25 ,908.2644 ,70.98
15:54:36.099 35.53 ,908.3380 ,75.46 ,38.30 ,908.1642 ,71.40
15:54:36.116 35.59 ,908.0848 ,76.02 ,38.30 ,908.1642 ,71.40
15:54:36.149 35.59 ,908.0848 ,76.02 ,38.30 ,908.1642 ,71.40
15:54:36.163 35.59 ,908.0848 ,76.02 ,38.30 ,908.1642 ,71.40
15:54:36.171 35.59 ,908.0848 ,76.02 ,38.30 ,908.1642 ,71.40
15:54:36.205 35.59 ,908.1105 ,76.22 ,38.35 ,908.1961 ,71.67
15:54:36.212 35.64 ,908.1105 ,76.22 ,38.35 ,908.1961 ,71.67
15:54:36.220 35.64 ,908.1105 ,76.22 ,38.35 ,908.1961 ,71.67
15:54:36.253 35.64 ,908.1105 ,76.22 ,38.35 ,908.1961 ,71.67
15:54:36.264 35.64 ,908.1105 ,76.22 ,38.35 ,908.1961 ,71.67
15:54:36.270 35.64 ,908.1105 ,76.22 ,38.35 ,908.1961 ,71.67
15:54:36.307 35.67 ,908.1302 ,76.48 ,38.40 ,908.1962 ,71.78
15:54:36.327 35.67 ,908.1302 ,76.48 ,38.40 ,908.1962 ,71.78
15:54:36.369 35.67 ,908.1302 ,76.48 ,38.40 ,908.1962 ,71.78
15:54:36.378 35.67 ,908.1302 ,76.48 ,38.40 ,908.1962 ,71.78
15:54:36.380 35.67 ,908.2283 ,76.58 ,38.45 ,908.2494 ,71.74
15:54:36.418 35.69 ,908.2283 ,76.58 ,38.45 ,908.2494 ,71.74
15:54:36.432 35.69 ,908.2283 ,76.58 ,38.45 ,908.2494 ,71.74
15:54:36.434 35.69 ,908.2283 ,76.58 ,38.45 ,908.2494 ,71.74
15:54:36.470 35.69 ,908.2283 ,76.58 ,38.45 ,908.2494 ,71.74
15:54:36.478 35.69 ,908.2283 ,76.58 ,38.45 ,908.2494 ,71.74
15:54:36.487 35.70 ,908.1077 ,76.77 ,38.47 ,908.1633 ,72.01
15:54:36.523 35.70 ,908.1077 ,76.77 ,38.47 ,908.1633 ,72.01
15:54:36.534 35.70 ,908.1077 ,76.77 ,38.47 ,908.1633 ,72.01
15:54:36.545 35.70 ,908.1077 ,76.77 ,38.47 ,908.1633 ,72.01
15:54:36.581 35.70 ,908.1077 ,76.77 ,38.47 ,908.1633 ,72.01
15:54:36.601 35.70 ,907.9886 ,75.83 ,38.48 ,907.8028 ,70.46
15:54:36.633 35.70 ,907.9886 ,75.83 ,38.48 ,907.8028 ,70.46
15:54:36.677 35.70 ,907.9886 ,75.83 ,38.48 ,907.8028 ,70.46
15:54:36.687 35.70 ,907.9886 ,75.83 ,38.48 ,907.8028 ,69.08
15:54:36.721 35.66 ,908.0147 ,74.67 ,38.45 ,907.8572 ,69.08
15:54:36.762 35.66 ,908.0147 ,74.67 ,38.45 ,907.8572 ,69.08
15:54:36.770 35.66 ,908.0147 ,74.67 ,38.45 ,907.8572 ,69.08
15:54:36.805 35.59 ,908.3104 ,74.01 ,38.35 ,908.3297 ,69.17
15:54:36.847 35.59 ,908.3104 ,74.01 ,38.35 ,908.3297 ,69.17
15:54:36.852 35.59 ,908.3104 ,74.01 ,38.35 ,908.3297 ,69.17
15:54:36.886 35.59 ,908.3104 ,73.78 ,38.35 ,908.3297 ,69.17
15:54:36.930 35.50 ,908.0995 ,73.77 ,38.25 ,908.0061 ,68.88
15:54:36.937 35.50 ,908.0995 ,73.77 ,38.25 ,908.0061 ,68.88
15:54:36.969 35.50 ,908.0995 ,73.77 ,38.25 ,908.0061 ,68.88
15:54:37.014 35.50 ,907.9567 ,72.80 ,38.25 ,908.0061 ,68.88
15:54:37.022 35.45 ,907.9567 ,72.80 ,38.20 ,907.7633 ,67.54
15:54:37.054 35.45 ,907.9567 ,72.80 ,38.20 ,907.7633 ,67.54
15:54:37.096 35.45 ,907.9567 ,72.80 ,38.20 ,907.7633 ,67.54
15:54:37.103 35.40 ,908.4280 ,72.45 ,38.13 ,908.4045 ,68.21
15:54:37.137 35.40 ,908.4280 ,72.45 ,38.13 ,908.4045 ,68.21
15:54:37.193 35.40 ,908.4280 ,72.45 ,38.13 ,908.4045 ,68.21
15:54:37.196 35.40 ,908.4280 ,72.45 ,38.08 ,908.2391 ,69.29
15:54:37.230 35.35 ,908.2941 ,73.28 ,38.08 ,908.2391 ,69.29
15:54:37.319 35.35 ,908.2941 ,73.28 ,38.08 ,908.2391 ,69.29
15:54:37.324 35.35 ,908.2941 ,73.28 ,38.08 ,908.1708 ,69.92
15:54:37.357 35.37 ,908.1437 ,73.89 ,38.08 ,908.1708 ,69.92
15:54:37.392 35.37 ,908.1437 ,73.89 ,38.08 ,908.1708 ,69.92
15:54:37.399 35.40 ,908.2683 ,74.35 ,38.12 ,908.2921 ,70.54
15:54:37.432 35.40 ,908.2683 ,74.35 ,38.12 ,908.2921 ,70.54
15:54:37.475 35.40 ,908.2683 ,74.35 ,38.12 ,908.2921 ,70.54
15:54:37.482 35.40 ,908.2683 ,74.35 ,38.16 ,908.2253 ,71.05
15:54:37.515 35.45 ,908.2355 ,75.02 ,38.16 ,908.2253 ,71.05
15:54:37.560 35.45 ,908.2355 ,75.02 ,38.16 ,908.2253 ,71.05
15:54:37.566 35.45 ,908.2355 ,75.02 ,38.16 ,908.2253 ,71.05
15:54:37.600 35.50 ,907.9185 ,75.06 ,38.20 ,907.6385 ,70.03
15:54:37.658 35.50 ,907.9185 ,75.06 ,38.20 ,907.6385 ,70.03
15:54:37.662 35.50 ,907.9185 ,75.06 ,38.20 ,907.6385 ,70.03
15:54:37.694 35.53 ,907.8887 ,73.91 ,38.21 ,907.8092 ,68.72
15:54:37.728 35.53 ,907.8887 ,73.91 ,38.21 ,907.8092 ,68.72
15:54:37.735 35.53 ,907.8887 ,73.91 ,38.21 ,907.8092 ,68.72
15:54:37.767 35.53 ,907.8887 ,72.81 ,38.21 ,907.8092 ,68.72
15:54:37.812 35.49 ,908.1350 ,72.80 ,38.21 ,908.1672 ,68.18
15:54:37.819 35.49 ,908.1350 ,72.80 ,38.14 ,908.1672 ,68.18
15:54:37.852 35.49 ,908.1350 ,72.80 ,38.14 ,908.1672 ,68.18
15:54:37.897 35.49 ,908.1528 ,71.91 ,38.14 ,908.1672 ,68.18
15:54:37.905 35.42 ,908.0521 ,71.91 ,38.05 ,907.9824 ,67.14
15:54:37.938 35.42 ,908.0521 ,71.91 ,38.05 ,907.9824 ,67.14
15:54:37.980 35.42 ,908.0521 ,71.91 ,38.05 ,907.9824 ,67.14
15:54:37.988 35.34 ,908.0225 ,70.71 ,37.96 ,907.9630 ,66.10
15:54:38.021 35.34 ,908.0225 ,70.71 ,37.96 ,907.9630 ,66.10
15:54:38.068 35.34 ,908.0225 ,70.71 ,37.96 ,907.9630 ,66.10
15:54:38.074 35.34 ,908.0225 ,70.71 ,37.89 ,908.4016 ,66.67
15:54:38.108 35.27 ,908.3410 ,70.31 ,37.89 ,908.4016 ,66.67
15:54:38.151 35.27 ,908.3410 ,70.31 ,37.89 ,908.4016 ,66.67
15:54:38.157 35.27 ,908.3410 ,70.31 ,37.89 ,908.4016 ,66.67
15:54:38.191 35.21 ,908.3401 ,71.39 ,37.85 ,908.2098 ,67.74
15:54:38.229 35.21 ,908.3401 ,71.39 ,37.85 ,908.2098 ,67.74
15:54:38.235 35.21 ,908.3401 ,71.39 ,37.85 ,908.2098 ,67.74
15:54:38.269 35.23 ,908.1983 ,72.28 ,37.85 ,908.2098 ,67.74
15:54:38.305 35.23 ,908.1983 ,72.28 ,37.87 ,908.1204 ,68.49
15:54:38.312 35.23 ,908.1983 ,72.28 ,37.87 ,908.1204 ,68.49
15:54:38.346 35.23 ,908.1983 ,72.28 ,37.87 ,908.1204 ,68.49
15:54:38.391 35.28 ,907.9222 ,72.33 ,37.87 ,908.1204 ,68.49
15:54:38.397 35.28 ,907.9222 ,72.33 ,37.93 ,907.7609 ,67.78
15:54:38.431 35.28 ,907.9222 ,72.33 ,37.93 ,907.7609 ,67.78
15:54:38.529 35.28 ,907.9222 ,72.33 ,37.93 ,907.7609 ,67.78
15:54:38.535 35.33 ,908.4164 ,72.06 ,37.96 ,908.1721 ,68.11
15:54:38.568 35.33 ,908.2229 ,72.86 ,37.96 ,908.1721 ,68.11
15:54:38.619 35.33 ,908.2229 ,72.86 ,37.94 ,907.9822 ,68.65
15:54:38.625 35.33 ,908.2229 ,72.86 ,37.94 ,907.9822 ,68.65
15:54:38.659 35.33 ,907.9122 ,72.54 ,37.94 ,907.9822 ,68.65
15:54:38.699 35.33 ,907.9122 ,72.54 ,37.94 ,907.9822 ,68.65
15:54:38.707 35.33 ,907.9122 ,72.54 ,37.95 ,907.6958 ,67.25
15:54:38.740 35.33 ,907.9122 ,72.54 ,37.95 ,907.6958 ,67.25
15:54:38.781 35.33 ,907.9655 ,71.53 ,37.95 ,907.6958 ,67.25
15:54:38.787 35.33 ,907.9655 ,71.53 ,37.93 ,908.0015 ,66.28
15:54:38.821 35.33 ,907.9655 ,71.53 ,37.93 ,908.0015 ,66.28
15:54:38.870 35.33 ,907.9655 ,71.53 ,37.93 ,908.0015 ,66.28
15:54:38.878 35.28 ,907.9843 ,70.38 ,37.85 ,907.8602 ,65.38
15:54:38.911 35.28 ,907.9843 ,70.38 ,37.85 ,907.8602 ,65.38
15:54:38.960 35.28 ,907.9843 ,70.38 ,37.85 ,907.8602 ,65.38
15:54:38.965 35.28 ,907.9843 ,70.38 ,37.77 ,908.1182 ,65.07
15:54:38.999 35.21 ,908.0580 ,69.41 ,37.77 ,908.1182 ,65.07
15:54:39.038 35.21 ,908.0580 ,69.41 ,37.77 ,908.1182 ,65.07
15:54:39.045 35.21 ,908.0580 ,69.41 ,37.77 ,908.1182 ,65.07
15:54:39.077 35.14 ,908.1208 ,68.91 ,37.71 ,908.1320 ,65.95
15:54:39.125 35.14 ,908.1208 ,68.91 ,37.71 ,908.1320 ,65.95
15:54:39.131 35.14 ,908.1208 ,69.34 ,37.71 ,908.1320 ,65.95
15:54:39.168 35.09 ,908.1945 ,69.34 ,37.71 ,908.1320 ,65.95
15:54:39.205 35.09 ,908.1945 ,69.34 ,37.69 ,908.0966 ,66.95
15:54:39.211 35.09 ,908.1945 ,69.34 ,37.69 ,908.0966 ,66.95
15:54:39.249 35.08 ,908.1694 ,70.15 ,37.69 ,908.0966 ,66.95
15:54:39.284 35.08 ,908.1694 ,70.15 ,37.69 ,908.0966 ,66.95
15:54:39.319 35.08 ,908.1694 ,70.15 ,37.74 ,908.0829 ,67.87
15:54:39.362 35.08 ,908.1694 ,70.15 ,37.74 ,908.0829 ,67.87
15:54:39.373 35.12 ,908.0441 ,70.87 ,37.74 ,908.0829 ,68.56
15:54:39.406 35.12 ,908.0441 ,70.87 ,37.81 ,908.0569 ,68.56
15:54:39.449 35.12 ,908.0441 ,70.87 ,37.81 ,908.0569 ,68.56
15:54:39.457 35.12 ,908.0218 ,71.35 ,37.81 ,908.0569 ,69.01
15:54:39.489 35.17 ,908.0218 ,71.35 ,37.88 ,908.0519 ,69.01
15:54:39.535 35.17 ,908.0218 ,71.35 ,37.88 ,908.0519 ,69.01
15:54:39.543 35.17 ,908.0218 ,71.91 ,37.88 ,908.0519 ,69.01
15:54:39.576 35.22 ,908.1096 ,71.91 ,37.94 ,908.0242 ,69.50
15:54:39.617 35.22 ,908.1096 ,71.91 ,37.94 ,908.0242 ,69.50
15:54:39.623 35.22 ,908.1096 ,72.11 ,37.94 ,908.0242 ,69.50
15:54:39.660 35.26 ,907.9503 ,72.11 ,37.94 ,908.0242 ,69.50
15:54:39.703 35.26 ,907.9503 ,72.11 ,38.00 ,907.6574 ,68.32
15:54:39.710 35.26 ,907.9503 ,72.11 ,38.00 ,907.6574 ,68.32
15:54:39.744 35.28 ,908.0074 ,71.30 ,38.00 ,907.6574 ,68.32
15:54:39.837 35.28 ,908.0074 ,71.30 ,38.00 ,907.6574 ,68.32
15:54:39.841 35.28 ,908.1152 ,70.73 ,38.00 ,907.9595 ,67.25
15:54:39.851 35.25 ,908.1152 ,70.73 ,38.00 ,907.9595 ,67.25
15:54:39.885 35.25 ,908.1152 ,70.73 ,37.93 ,908.0787 ,67.40
15:54:39.928 35.25 ,908.1152 ,70.73 ,37.93 ,908.0787 ,67.40
15:54:39.939 35.25 ,908.1152 ,70.73 ,37.93 ,908.0787 ,67.40
15:54:39.972 35.20 ,907.9105 ,70.22 ,37.93 ,908.0787 ,66.00
15:54:40.015 35.20 ,907.9105 ,70.22 ,37.86 ,907.4180 ,66.00
15:54:40.022 35.20 ,907.9105 ,70.22 ,37.86 ,907.4180 ,66.00
15:54:40.056 35.15 ,907.7979 ,69.17 ,37.86 ,907.4180 ,66.00
15:54:40.082 35.15 ,907.7979 ,69.17 ,37.79 ,907.7391 ,64.95
15:54:40.088 35.15 ,907.7979 ,69.17 ,37.79 ,907.7391 ,64.95
15:54:40.137 35.15 ,908.1813 ,68.11 ,37.79 ,907.7391 ,64.95
15:54:40.146 35.09 ,908.1024 ,68.11 ,37.79 ,907.7391 ,64.95
15:54:40.151 35.09 ,908.1024 ,68.11 ,37.79 ,907.7391 ,65.39
15:54:40.188 35.09 ,908.1024 ,68.11 ,37.69 ,908.1562 ,65.39
15:54:40.262 35.09 ,908.1024 ,68.11 ,37.69 ,908.1562 ,65.39
15:54:40.270 35.09 ,908.1024 ,68.74 ,37.63 ,908.1298 ,66.56
15:54:40.306 35.03 ,908.3176 ,68.74 ,37.63 ,908.1298 ,66.56
15:54:40.338 35.00 ,908.1772 ,69.66 ,37.63 ,908.1298 ,66.56
15:54:40.343 35.00 ,908.1772 ,69.66 ,37.63 ,908.1298 ,66.56
15:54:40.380 35.00 ,908.1772 ,69.66 ,37.65 ,908.0737 ,67.46
15:54:40.457 35.00 ,908.1772 ,69.66 ,37.65 ,908.0737 ,67.46
15:54:40.462 35.00 ,908.1772 ,70.38 ,37.70 ,908.0617 ,68.39
15:54:40.499 35.03 ,908.1189 ,70.38 ,37.70 ,908.0617 ,68.39
15:54:40.545 35.03 ,908.4081 ,71.33 ,37.70 ,908.0617 ,68.39
15:54:40.551 35.07 ,908.4692 ,71.33 ,37.77 ,908.0410 ,69.15
15:54:40.586 35.07 ,908.4692 ,71.33 ,37.77 ,908.0410 ,69.15
15:54:40.628 35.07 ,908.4692 ,71.33 ,37.77 ,908.0410 ,69.15
15:54:40.634 35.13 ,908.1666 ,72.19 ,37.77 ,908.0410 ,69.15
15:54:40.672 35.13 ,908.1666 ,72.19 ,37.83 ,907.8304 ,69.28
15:54:40.714 35.13 ,908.1666 ,72.19 ,37.83 ,907.8304 ,69.28
15:54:40.749 35.19 ,907.8639 ,72.20 ,37.83 ,907.8304 ,69.28
15:54:40.802 35.19 ,907.8639 ,72.20 ,37.83 ,907.8304 ,69.28
15:54:40.811 35.19 ,907.8639 ,72.20 ,37.89 ,907.6742 ,67.85
15:54:40.844 35.22 ,907.8416 ,71.60 ,37.89 ,907.6742 ,67.85
15:54:40.887 35.22 ,907.8416 ,71.60 ,37.89 ,907.6742 ,67.85
15:54:40.892 35.22 ,907.8416 ,70.66 ,37.87 ,907.5303 ,66.64
15:54:40.938 35.20 ,907.8591 ,70.66 ,37.87 ,907.5303 ,66.64
15:54:40.945 35.20 ,907.8591 ,70.66 ,37.87 ,907.5303 ,66.64
15:54:40.950 35.20 ,907.8591 ,70.66 ,37.77 ,907.7495 ,65.72
15:54:40.987 35.20 ,907.8591 ,70.66 ,37.77 ,907.7495 ,65.72
15:54:41.021 35.20 ,907.8591 ,70.66 ,37.77 ,907.7495 ,65.72
15:54:41.028 35.14 ,908.0197 ,69.69 ,37.77 ,907.7495 ,65.72
15:54:41.064 35.14 ,908.0197 ,69.69 ,37.77 ,908.2780 ,65.76
15:54:41.106 35.14 ,908.0197 ,69.69 ,37.64 ,908.1088 ,65.76
15:54:41.114 35.14 ,908.0433 ,69.33 ,37.64 ,908.1088 ,65.76
15:54:41.152 35.07 ,908.0433 ,69.33 ,37.64 ,908.1088 ,65.76
15:54:41.243 35.07 ,908.0433 ,69.33 ,37.56 ,908.0662 ,66.42
15:54:41.246 35.01 ,908.0655 ,69.41 ,37.56 ,908.0662 ,66.42
15:54:41.255 35.01 ,908.0655 ,69.41 ,37.56 ,908.0346 ,67.06
15:54:41.288 35.01 ,908.0655 ,69.41 ,37.53 ,908.0346 ,67.06
15:54:41.328 34.98 ,907.9995 ,69.76 ,37.53 ,908.0346 ,67.06
15:54:41.334 34.98 ,907.9995 ,69.76 ,37.53 ,908.0346 ,67.06
15:54:41.368 34.98 ,907.9995 ,69.76 ,37.56 ,908.0399 ,67.80
15:54:41.403 34.98 ,907.9995 ,69.76 ,37.56 ,908.0399 ,67.80
15:54:41.411 34.98 ,908.0847 ,70.08 ,37.56 ,908.0399 ,67.80
15:54:41.444 34.98 ,908.0847 ,70.08 ,37.56 ,908.0399 ,67.80
15:54:41.485 34.98 ,908.0847 ,70.08 ,37.56 ,908.0559 ,68.57
15:54:41.493 34.98 ,908.0847 ,70.76 ,37.62 ,908.0559 ,68.57
15:54:41.531 35.00 ,908.1736 ,70.76 ,37.62 ,908.0559 ,68.57
15:54:41.568 35.00 ,908.1736 ,70.76 ,37.62 ,908.0559 ,68.57
15:54:41.574 35.00 ,907.9294 ,71.31 ,37.68 ,908.0123 ,69.15
15:54:41.611 35.04 ,907.9294 ,71.31 ,37.68 ,908.0123 ,69.15
15:54:41.654 35.04 ,907.9294 ,71.31 ,37.68 ,908.0123 ,69.15
15:54:41.688 35.04 ,907.9294 ,71.31 ,37.75 ,907.8739 ,68.84
15:54:41.734 35.08 ,907.9511 ,71.61 ,37.75 ,907.8739 ,68.84
15:54:41.742 35.08 ,907.9511 ,71.61 ,37.75 ,907.9652 ,68.86
15:54:41.776 35.08 ,907.9511 ,71.61 ,37.79 ,908.0181 ,68.86
15:54:41.821 35.12 ,907.9961 ,71.75 ,37.79 ,908.0181 ,68.86
15:54:41.829 35.12 ,907.9961 ,71.75 ,37.79 ,908.0181 ,68.86
15:54:41.862 35.12 ,907.9961 ,71.75 ,37.79 ,907.6425 ,68.48
15:54:41.904 35.12 ,907.9961 ,71.75 ,37.79 ,907.6425 ,68.48
15:54:41.912 35.13 ,907.8329 ,71.79 ,37.79 ,907.6425 ,68.48
15:54:41.945 35.13 ,907.8329 ,71.79 ,37.79 ,907.6425 ,68.48
15:54:41.988 35.13 ,907.8329 ,71.79 ,37.79 ,907.6879 ,67.32
15:54:41.994 35.13 ,907.8329 ,71.79 ,37.79 ,907.6879 ,67.32
15:54:42.028 35.14 ,907.8845 ,71.01 ,37.79 ,907.6879 ,67.32
15:54:42.074 35.14 ,907.8845 ,71.01 ,37.79 ,907.6879 ,67.32
15:54:42.079 35.14 ,907.8845 ,70.42 ,37.73 ,907.9618 ,66.58
15:54:42.114 35.11 ,907.9730 ,70.42 ,37.73 ,907.9618 ,66.58
15:54:42.157 35.11 ,907.9730 ,70.42 ,37.73 ,907.9618 ,66.58
15:54:42.163 35.11 ,907.9526 ,70.28 ,37.65 ,908.0262 ,66.81
15:54:42.200 35.06 ,907.9526 ,70.28 ,37.65 ,908.0262 ,66.81
15:54:42.236 35.06 ,907.9526 ,70.28 ,37.65 ,908.0262 ,66.81
15:54:42.270 35.06 ,907.9526 ,70.28 ,37.59 ,908.0154 ,67.40
15:54:42.304 35.03 ,907.9450 ,70.37 ,37.59 ,908.0154 ,67.40
15:54:42.312 35.03 ,907.9450 ,70.37 ,37.59 ,908.0154 ,67.40
15:54:42.346 35.03 ,907.9450 ,70.37 ,37.59 ,908.0154 ,67.40
15:54:42.447 35.03 ,907.9450 ,70.37 ,37.60 ,907.9925 ,67.90
15:54:42.523 35.03 ,907.9874 ,70.59 ,37.60 ,907.9614 ,68.82
15:54:42.526 35.01 ,908.3387 ,71.37 ,37.64 ,907.9614 ,68.82
15:54:42.534 35.01 ,908.3387 ,71.37 ,37.64 ,907.9614 ,69.30
15:54:42.570 35.01 ,908.3387 ,71.37 ,37.70 ,907.8546 ,69.30
15:54:42.615 35.03 ,907.8882 ,72.05 ,37.70 ,907.8546 ,69.30
15:54:42.621 35.03 ,907.8882 ,72.05 ,37.70 ,907.8546 ,69.30
15:54:42.660 35.03 ,907.8882 ,72.05 ,37.77 ,907.7864 ,68.20
15:54:42.700 35.06 ,907.8445 ,71.70 ,37.77 ,907.7864 ,68.20
15:54:42.713 35.06 ,907.8445 ,71.70 ,37.77 ,907.7864 ,68.20
15:54:42.750 35.06 ,907.8445 ,71.70 ,37.77 ,907.7864 ,68.20
15:54:42.788 35.06 ,907.8445 ,71.70 ,37.77 ,907.4861 ,66.58
15:54:42.789 35.09 ,907.8308 ,70.90 ,37.77 ,907.4861 ,66.58
15:54:42.825 35.09 ,907.8308 ,70.90 ,37.77 ,907.4861 ,66.58
15:54:42.883 35.09 ,907.8308 ,70.90 ,37.77 ,907.4861 ,66.58
15:54:42.920 35.05 ,907.8337 ,69.70 ,37.70 ,907.5385 ,65.31
15:54:42.958 35.05 ,907.8337 ,69.70 ,37.70 ,907.5385 ,65.31
15:54:42.968 35.05 ,907.8337 ,69.70 ,37.70 ,907.5385 ,64.22
15:54:43.002 34.99 ,907.9694 ,68.66 ,37.58 ,907.8013 ,64.22
15:54:43.044 34.99 ,907.9694 ,68.66 ,37.58 ,907.8013 ,64.22
15:54:43.052 34.99 ,907.9694 ,68.66 ,37.58 ,908.0659 ,64.65
15:54:43.084 34.91 ,908.0262 ,68.31 ,37.47 ,908.0659 ,64.65
15:54:43.125 34.91 ,908.0262 ,68.31 ,37.47 ,908.0659 ,64.65
15:54:43.131 34.91 ,908.0262 ,68.31 ,37.47 ,908.0659 ,65.60
15:54:43.166 34.85 ,908.0147 ,68.57 ,37.42 ,908.0336 ,65.60
15:54:43.208 34.85 ,908.0147 ,68.57 ,37.42 ,908.0336 ,65.60
15:54:43.215 34.85 ,908.0147 ,68.57 ,37.42 ,908.0336 ,65.60
15:54:43.249 34.85 ,908.0147 ,68.57 ,37.43 ,907.9967 ,66.53
15:54:43.282 34.84 ,908.0075 ,69.25 ,37.43 ,907.9967 ,66.53
15:54:43.288 34.84 ,908.0075 ,69.25 ,37.43 ,907.9967 ,66.53
15:54:43.327 34.84 ,908.0075 ,69.25 ,37.43 ,907.9967 ,66.53
15:54:43.368 34.84 ,908.0075 ,69.25 ,37.43 ,907.9967 ,66.53
15:54:43.402 34.86 ,907.9385 ,69.95 ,37.50 ,907.9570 ,67.35
15:54:43.449 34.86 ,907.9385 ,69.95 ,37.50 ,907.9570 ,67.35
15:54:43.458 34.86 ,907.9385 ,69.95 ,37.50 ,907.9997 ,68.12
15:54:43.491 34.89 ,908.1130 ,70.71 ,37.57 ,907.9997 ,68.12
15:54:43.535 34.89 ,908.1130 ,70.71 ,37.57 ,907.9997 ,68.12
15:54:43.542 34.89 ,908.1130 ,70.71 ,37.64 ,907.9719 ,68.83
15:54:43.576 34.95 ,907.9758 ,71.49 ,37.64 ,907.9719 ,68.83
15:54:43.617 34.95 ,907.9758 ,71.49 ,37.64 ,907.9719 ,68.83
15:54:43.623 34.95 ,907.9758 ,71.49 ,37.64 ,907.9719 ,68.83
15:54:43.656 35.00 ,907.8596 ,71.99 ,37.71 ,907.8948 ,69.24
15:54:43.782 35.00 ,907.8596 ,71.99 ,37.71 ,907.8948 ,69.24
15:54:43.831 35.00 ,907.8596 ,71.99 ,37.78 ,907.8232 ,68.67
15:54:43.836 35.04 ,907.8744 ,72.25 ,37.78 ,907.8232 ,68.67
15:54:43.843 35.04 ,907.8125 ,71.55 ,37.80 ,907.5266 ,67.70
15:54:43.879 35.06 ,907.8125 ,71.55 ,37.80 ,907.5266 ,67.70
15:54:43.916 35.06 ,907.8125 ,71.55 ,37.80 ,907.5266 ,67.70
15:54:43.951 35.04 ,907.8176 ,70.71 ,37.75 ,907.5701 ,66.60
15:54:43.997 35.04 ,907.8176 ,70.71 ,37.75 ,907.5701 ,66.60
15:54:44.007 35.04 ,907.8176 ,70.71 ,37.75 ,907.5701 ,66.60
15:54:44.039 35.04 ,907.8176 ,70.71 ,37.75 ,907.5701 ,66.60
15:54:44.081 34.99 ,907.8665 ,69.93 ,37.64 ,907.5207 ,65.45
15:54:44.088 34.99 ,907.8665 ,69.93 ,37.64 ,907.5207 ,65.45
15:54:44.125 34.99 ,907.8665 ,69.93 ,37.64 ,907.5207 ,65.45
15:54:44.197 34.99 ,907.8665 ,68.83 ,37.64 ,907.5207 ,65.45
15:54:44.273 34.93 ,907.8583 ,68.82 ,37.53 ,907.5955 ,64.20
15:54:44.310 34.93 ,907.8583 ,68.82 ,37.53 ,907.5955 ,64.20
15:54:44.313 34.86 ,907.9439 ,68.08 ,37.40 ,907.9966 ,63.56
15:54:44.346 34.80 ,907.9997 ,67.61 ,37.30 ,908.0153 ,63.88
15:54:44.390 34.80 ,907.9997 ,67.61 ,37.30 ,908.0153 ,63.88
15:54:44.426 34.80 ,907.9997 ,67.61 ,37.30 ,908.0153 ,63.88
15:54:44.472 34.74 ,908.2523 ,68.25 ,37.30 ,908.0153 ,65.11
15:54:44.481 34.74 ,908.2523 ,68.25 ,37.25 ,908.1063 ,65.11
15:54:44.514 34.74 ,908.2523 ,68.25 ,37.25 ,908.1063 ,65.11
15:54:44.559 34.74 ,908.2523 ,68.25 ,37.25 ,908.1063 ,65.11
15:54:44.566 34.73 ,908.0642 ,69.17 ,37.28 ,908.0469 ,66.26
15:54:44.599 34.73 ,908.0642 ,69.17 ,37.28 ,908.0469 ,66.26
15:54:44.640 34.73 ,908.0642 ,69.17 ,37.28 ,908.0469 ,66.26
15:54:44.647 34.76 ,908.0486 ,70.32 ,37.36 ,908.0034 ,67.32
15:54:44.681 34.76 ,908.0486 ,70.32 ,37.36 ,908.0034 ,67.32
15:54:44.725 34.76 ,908.0486 ,70.32 ,37.36 ,908.0034 ,67.32
15:54:44.731 34.76 ,908.0486 ,71.37 ,37.44 ,908.0110 ,68.35
15:54:44.764 34.82 ,908.1705 ,71.37 ,37.44 ,908.0110 ,68.35
15:54:44.810 34.82 ,908.1705 ,71.37 ,37.44 ,908.0110 ,68.35
15:54:44.816 34.82 ,907.9656 ,72.38 ,37.44 ,908.0110 ,69.01
15:54:44.854 34.88 ,907.9656 ,72.38 ,37.52 ,907.9414 ,69.03
15:54:44.896 34.88 ,907.9656 ,72.38 ,37.52 ,907.9414 ,69.03
15:54:44.929 34.96 ,907.6033 ,72.37 ,37.52 ,907.9414 ,69.03
15:54:44.976 34.96 ,907.6033 ,72.37 ,37.59 ,906.8287 ,67.67
15:54:44.985 34.96 ,907.6033 ,72.37 ,37.59 ,906.8287 ,67.67
15:54:45.020 34.96 ,907.6033 ,72.37 ,37.59 ,906.8287 ,67.67
15:54:45.111 35.00 ,907.7744 ,71.30 ,37.59 ,906.8287 ,66.69
15:54:45.120 35.00 ,907.7744 ,71.30 ,37.58 ,907.8937 ,67.09
15:54:45.153 34.96 ,907.8961 ,70.91 ,37.49 ,907.8937 ,67.09
15:54:45.190 34.96 ,907.8961 ,70.91 ,37.49 ,907.8937 ,67.09
15:54:45.195 34.96 ,907.8961 ,70.91 ,37.49 ,907.8937 ,67.09
15:54:45.229 34.89 ,907.7687 ,70.33 ,37.49 ,907.8937 ,67.09
15:54:45.271 34.89 ,907.7687 ,70.33 ,37.40 ,907.3226 ,65.89
15:54:45.281 34.89 ,907.7687 ,70.33 ,37.40 ,907.3226 ,65.89
15:54:45.313 34.89 ,907.7687 ,70.33 ,37.40 ,907.3226 ,65.89
15:54:45.356 34.82 ,907.8052 ,69.32 ,37.40 ,907.3226 ,65.89
15:54:45.364 34.82 ,907.8052 ,69.32 ,37.32 ,907.8943 ,65.17
15:54:45.397 34.82 ,907.8052 ,69.32 ,37.32 ,907.8943 ,65.17
15:54:45.438 34.82 ,907.8052 ,69.66 ,37.32 ,907.8943 ,65.17
15:54:45.444 34.75 ,908.3109 ,69.66 ,37.24 ,908.1411 ,67.48
15:54:45.478 34.75 ,908.3109 ,69.66 ,37.24 ,908.1411 ,67.48
15:54:45.536 34.75 ,908.3109 ,69.66 ,37.24 ,908.1411 ,67.48
15:54:45.636 34.75 ,908.3109 ,71.01 ,37.22 ,907.9604 ,68.91
15:54:45.641 34.70 ,908.2498 ,71.01 ,37.22 ,907.9604 ,68.91
15:54:45.689 34.70 ,907.8035 ,71.93 ,37.26 ,907.6975 ,69.02
15:54:45.700 34.73 ,907.8035 ,71.93 ,37.26 ,907.6975 ,69.02
15:54:45.733 34.80 ,908.1575 ,72.33 ,37.26 ,907.9624 ,69.76
15:54:45.777 34.80 ,908.1575 ,72.33 ,37.33 ,908.0505 ,69.76
15:54:45.785 34.80 ,908.1575 ,72.33 ,37.33 ,908.0505 ,69.76
15:54:45.818 34.84 ,907.8817 ,73.15 ,37.33 ,908.0505 ,69.76
15:54:45.861 34.84 ,907.8817 ,73.15 ,37.37 ,907.5717 ,69.93
15:54:45.869 34.84 ,907.8817 ,73.15 ,37.37 ,907.5717 ,69.93
15:54:45.902 34.84 ,907.8817 ,73.15 ,37.37 ,907.5717 ,69.93
15:54:45.943 34.88 ,907.5541 ,72.75 ,37.37 ,907.5717 ,69.93
15:54:45.950 34.88 ,907.5541 ,72.75 ,37.40 ,906.8926 ,68.04
15:54:45.983 34.88 ,907.5541 ,72.75 ,37.40 ,906.8926 ,68.04
15:54:46.022 34.88 ,907.5541 ,72.75 ,37.40 ,906.8926 ,68.04
15:54:46.028 34.89 ,907.6802 ,71.67 ,37.35 ,907.7033 ,67.09
15:54:46.062 34.89 ,907.6802 ,71.67 ,37.35 ,907.7033 ,67.09
15:54:46.100 34.89 ,907.6802 ,71.67 ,37.35 ,907.7033 ,67.09
15:54:46.107 34.89 ,907.6802 ,71.67 ,37.35 ,907.7033 ,67.09
15:54:46.140 34.84 ,907.9366 ,70.98 ,37.24 ,907.9166 ,67.43
15:54:46.177 34.84 ,907.9366 ,70.98 ,37.24 ,907.9166 ,67.43
15:54:46.183 34.84 ,907.9366 ,70.98 ,37.24 ,907.9166 ,67.43
15:54:46.217 34.76 ,907.9511 ,70.95 ,37.24 ,907.9166 ,67.43
15:54:46.310 34.76 ,907.9511 ,70.95 ,37.16 ,907.9512 ,68.00
15:54:46.315 34.76 ,907.9511 ,70.95 ,37.15 ,907.8284 ,67.83
15:54:46.349 34.70 ,907.8047 ,71.21 ,37.15 ,907.8284 ,67.83
15:54:46.411 34.70 ,907.8047 ,71.21 ,37.15 ,907.8284 ,67.83
15:54:46.463 34.70 ,907.8047 ,71.21 ,37.16 ,908.0162 ,69.23
15:54:46.478 34.68 ,908.0563 ,71.34 ,37.16 ,908.0162 ,69.23
15:54:46.482 34.68 ,907.9800 ,72.22 ,37.16 ,908.0162 ,69.23
15:54:46.515 34.67 ,907.9800 ,72.22 ,37.16 ,908.0162 ,69.23
15:54:46.563 34.67 ,907.9800 ,72.22 ,37.20 ,907.8708 ,70.08
15:54:46.569 34.67 ,907.9800 ,72.22 ,37.20 ,907.8708 ,70.08
15:54:46.608 34.70 ,907.8188 ,72.88 ,37.20 ,907.8708 ,70.08
15:54:46.649 34.70 ,907.8188 ,72.88 ,37.20 ,907.8708 ,70.08
15:54:46.661 34.70 ,907.8188 ,72.88 ,37.26 ,907.7414 ,70.09
15:54:46.697 34.74 ,907.7469 ,72.80 ,37.26 ,907.7414 ,70.09
15:54:46.737 34.74 ,907.7469 ,72.80 ,37.26 ,907.7414 ,70.09
15:54:46.738 34.74 ,907.7469 ,72.80 ,37.32 ,907.8295 ,69.21
15:54:46.774 34.74 ,907.7469 ,72.80 ,37.32 ,907.8295 ,69.21
15:54:46.819 34.77 ,907.8006 ,72.50 ,37.32 ,907.8295 ,69.21
15:54:46.831 34.77 ,907.8006 ,72.50 ,37.33 ,907.4733 ,68.96
15:54:46.867 34.77 ,907.8006 ,72.50 ,37.33 ,907.4733 ,68.96
15:54:46.935 34.77 ,907.6766 ,71.95 ,37.33 ,907.4733 ,68.96
15:54:46.936 34.76 ,907.6584 ,71.95 ,37.31 ,907.1239 ,67.46
15:54:47.013 34.76 ,907.6584 ,71.95 ,37.31 ,907.1239 ,67.46
15:54:47.013 34.72 ,907.6066 ,70.66 ,37.31 ,907.1239 ,67.46
15:54:47.057 34.72 ,907.6066 ,70.66 ,37.31 ,907.0148 ,66.00
15:54:47.062 34.72 ,907.6066 ,70.66 ,37.24 ,907.0148 ,66.00
15:54:47.072 34.67 ,907.9462 ,69.63 ,37.24 ,907.0148 ,66.00
15:54:47.109 34.67 ,907.9462 ,69.63 ,37.24 ,907.0148 ,66.00
15:54:47.144 34.67 ,907.9462 ,69.63 ,37.14 ,908.0370 ,67.45
15:54:47.148 34.67 ,907.9462 ,69.63 ,37.14 ,908.0370 ,67.45
15:54:47.187 34.59 ,908.0281 ,70.39 ,37.14 ,908.0370 ,67.45
15:54:47.233 34.59 ,908.0281 ,70.39 ,37.14 ,908.0370 ,67.45
15:54:47.234 34.59 ,908.0281 ,70.39 ,37.08 ,907.9576 ,68.67
15:54:47.243 34.59 ,908.0281 ,70.39 ,37.08 ,907.9576 ,68.67
15:54:47.281 34.56 ,907.9567 ,71.31 ,37.08 ,907.9576 ,68.67
15:54:47.319 34.56 ,907.9567 ,71.31 ,37.08 ,907.9576 ,68.67
15:54:47.353 34.56 ,907.9567 ,71.31 ,37.10 ,907.8667 ,69.58
15:54:47.397 34.56 ,907.9567 ,71.31 ,37.10 ,907.8667 ,69.58
15:54:47.408 34.58 ,907.8134 ,72.04 ,37.10 ,907.8667 ,70.53
15:54:47.440 34.58 ,907.8134 ,72.04 ,37.16 ,907.9267 ,70.53
15:54:47.486 34.58 ,907.8134 ,72.04 ,37.16 ,907.9267 ,70.53
15:54:47.494 34.58 ,907.8781 ,72.79 ,37.16 ,907.9267 ,70.53
15:54:47.527 34.63 ,907.8781 ,72.79 ,37.22 ,907.7202 ,70.97
15:54:47.621 34.63 ,907.8781 ,72.79 ,37.22 ,907.7202 ,70.97
15:54:47.625 34.63 ,907.8781 ,72.79 ,37.29 ,907.1222 ,69.41
15:54:47.659 34.69 ,907.6591 ,73.08 ,37.29 ,907.1222 ,69.41
15:54:47.706 34.73 ,907.4719 ,72.19 ,37.29 ,907.1222 ,69.41
15:54:47.760 34.73 ,907.4719 ,72.19 ,37.29 ,906.4484 ,67.69
15:54:47.810 34.73 ,907.4719 ,72.19 ,37.29 ,906.4484 ,67.69
15:54:47.812 34.73 ,907.7164 ,71.17 ,37.29 ,906.4484 ,67.69
15:54:47.844 34.71 ,907.7164 ,71.17 ,37.19 ,907.8427 ,67.92
15:54:47.866 34.71 ,907.7164 ,71.17 ,37.19 ,907.8427 ,67.92
15:54:47.873 34.65 ,907.8340 ,70.60 ,37.19 ,907.8427 ,67.92
15:54:47.908 34.65 ,907.8340 ,70.60 ,37.19 ,907.8427 ,67.92
15:54:47.944 34.65 ,907.8340 ,70.60 ,37.09 ,907.8421 ,68.96
15:54:47.951 34.65 ,907.8340 ,70.60 ,37.09 ,907.8421 ,68.96
15:54:47.984 34.57 ,907.9162 ,71.11 ,37.09 ,907.8421 ,68.96
15:54:48.020 34.57 ,907.9162 ,71.11 ,37.09 ,907.8421 ,68.96
15:54:48.028 34.57 ,907.9162 ,71.11 ,37.06 ,907.8560 ,70.03
15:54:48.063 34.54 ,907.8304 ,72.03 ,37.06 ,907.8560 ,70.03
15:54:48.107 34.54 ,907.8304 ,72.03 ,37.06 ,907.8560 ,70.03
15:54:48.113 34.54 ,907.8304 ,72.03 ,37.10 ,907.8527 ,71.08
15:54:48.148 34.54 ,907.8304 ,72.03 ,37.10 ,907.8527 ,71.08
15:54:48.185 34.56 ,907.9888 ,72.94 ,37.10 ,907.8527 ,71.08
15:54:48.191 34.56 ,907.9888 ,72.94 ,37.10 ,907.8527 ,71.08
15:54:48.228 34.56 ,907.9888 ,72.94 ,37.17 ,907.8583 ,71.84
15:54:48.271 34.56 ,907.9888 ,72.94 ,37.17 ,907.8583 ,71.84
15:54:48.277 34.62 ,907.6475 ,73.71 ,37.17 ,907.8583 ,71.84
15:54:48.349 34.62 ,907.6475 ,73.71 ,37.17 ,907.0530 ,71.10
15:54:48.416 34.62 ,907.6475 ,73.71 ,37.24 ,907.1446 ,71.10
15:54:48.433 34.62 ,907.6475 ,73.14 ,37.24 ,907.1446 ,71.10
15:54:48.441 34.69 ,907.5261 ,73.14 ,37.24 ,907.1446 ,71.10
15:54:48.476 34.72 ,907.5391 ,72.13 ,37.28 ,906.7836 ,69.34
15:54:48.521 34.72 ,907.5391 ,72.13 ,37.28 ,906.7836 ,69.34
15:54:48.529 34.72 ,907.5391 ,72.13 ,37.28 ,906.7836 ,68.11
15:54:48.562 34.68 ,907.6680 ,70.98 ,37.22 ,907.2043 ,68.11
15:54:48.608 34.68 ,907.6680 ,70.98 ,37.22 ,907.2043 ,68.11
15:54:48.617 34.68 ,907.6680 ,70.98 ,37.22 ,907.5474 ,67.21
15:54:48.651 34.60 ,907.6895 ,70.10 ,37.09 ,907.5474 ,67.21
15:54:48.689 34.60 ,907.6895 ,70.10 ,37.09 ,907.5474 ,67.21
15:54:48.696 34.60 ,907.6895 ,70.10 ,36.98 ,907.8430 ,66.70
15:54:48.730 34.60 ,907.6895 ,70.10 ,36.98 ,907.8430 ,66.70
15:54:48.769 34.60 ,907.7380 ,69.52 ,36.98 ,907.8430 ,66.70
15:54:48.777 34.52 ,907.7380 ,69.52 ,36.98 ,907.8430 ,66.70
15:54:48.810 34.52 ,907.7380 ,69.52 ,36.90 ,907.8019 ,67.29
15:54:48.851 34.52 ,907.7380 ,69.52 ,36.90 ,907.8019 ,67.29
15:54:48.859 34.52 ,907.8097 ,69.43 ,36.90 ,907.8019 ,67.29
15:54:48.894 34.46 ,907.8097 ,69.43 ,36.90 ,907.8019 ,67.29
15:54:48.975 34.46 ,907.8097 ,69.43 ,36.89 ,907.9141 ,68.78
15:54:48.978 34.46 ,907.8097 ,70.18 ,36.89 ,907.9141 ,68.78
15:54:49.011 34.43 ,907.8814 ,70.18 ,36.94 ,907.7512 ,69.72
15:54:49.066 34.43 ,907.8814 ,70.18 ,36.94 ,907.7512 ,69.72
15:54:49.119 34.44 ,907.8658 ,70.80 ,36.94 ,907.7512 ,69.72
15:54:49.144 34.44 ,907.8658 ,70.80 ,37.04 ,907.7575 ,70.46
15:54:49.178 34.48 ,907.7620 ,71.43 ,37.04 ,907.7575 ,70.46
15:54:49.220 34.48 ,907.7620 ,71.43 ,37.04 ,907.7575 ,70.46
15:54:49.229 34.48 ,907.7620 ,71.43 ,37.13 ,907.7511 ,71.26
15:54:49.262 34.54 ,907.9297 ,72.24 ,37.13 ,907.7511 ,71.26
15:54:49.299 34.54 ,907.9297 ,72.24 ,37.13 ,907.7511 ,71.26
15:54:49.308 34.54 ,907.9297 ,72.24 ,37.13 ,907.7202 ,71.87
15:54:49.341 34.60 ,907.6717 ,73.00 ,37.21 ,907.7202 ,71.87
15:54:49.385 34.60 ,907.6717 ,73.00 ,37.21 ,907.7202 ,71.87
15:54:49.390 34.60 ,907.6717 ,73.00 ,37.29 ,907.1625 ,70.62
15:54:49.424 34.60 ,907.6717 ,73.00 ,37.29 ,907.1625 ,70.62
15:54:49.467 34.68 ,907.5988 ,72.59 ,37.29 ,907.1625 ,70.62
15:54:49.473 34.68 ,907.5988 ,72.59 ,37.29 ,907.1625 ,70.62
15:54:49.507 34.68 ,907.5988 ,72.59 ,37.31 ,906.9747 ,68.81
15:54:49.549 34.68 ,907.5988 ,72.59 ,37.31 ,906.9747 ,68.81
15:54:49.556 34.71 ,907.6011 ,71.57 ,37.31 ,906.9747 ,68.81
15:54:49.589 34.71 ,907.6011 ,71.57 ,37.31 ,906.9747 ,68.81
15:54:49.636 34.71 ,907.6011 ,71.57 ,37.22 ,906.8430 ,67.22
15:54:49.721 34.71 ,907.6011 ,71.57 ,37.22 ,906.8430 ,67.22
15:54:49.737 34.68 ,907.5934 ,70.48 ,37.22 ,906.8430 ,67.22
15:54:49.742 34.68 ,907.5884 ,69.26 ,37.07 ,907.2578 ,66.08
15:54:49.780 34.60 ,907.5884 ,69.26 ,37.07 ,907.2578 ,66.08
15:54:49.806 34.60 ,907.5884 ,69.26 ,37.07 ,907.2578 ,66.08
15:54:49.818 34.52 ,907.7575 ,68.05 ,36.93 ,907.5356 ,65.24
15:54:49.854 34.52 ,907.7575 ,68.05 ,36.93 ,907.5356 ,65.24
15:54:49.885 34.52 ,907.7575 ,68.05 ,36.93 ,907.5356 ,65.24
15:54:49.894 34.52 ,907.7575 ,68.05 ,36.82 ,907.8239 ,66.33
15:54:49.932 34.44 ,907.9630 ,68.22 ,36.82 ,907.8239 ,66.33
15:54:49.966 34.44 ,907.9630 ,68.22 ,36.82 ,907.8239 ,66.33
15:54:49.971 34.44 ,907.9630 ,68.22 ,36.82 ,907.8239 ,66.33
15:54:50.006 34.44 ,907.9630 ,68.22 ,36.78 ,907.7991 ,67.48
15:54:50.048 34.39 ,907.7675 ,68.96 ,36.78 ,907.7991 ,67.48
15:54:50.081 34.39 ,907.7675 ,68.96 ,36.78 ,907.7991 ,67.48
15:54:50.176 34.39 ,907.7675 ,68.96 ,36.78 ,907.7991 ,69.24
15:54:50.187 34.39 ,907.7675 ,68.96 ,36.83 ,907.8803 ,70.29
15:54:50.220 34.43 ,907.9152 ,71.52 ,36.91 ,907.8895 ,70.29
15:54:50.265 34.43 ,907.9152 ,71.52 ,36.91 ,907.8895 ,70.29
15:54:50.273 34.43 ,907.9152 ,71.52 ,36.91 ,907.8895 ,70.29
15:54:50.306 34.43 ,907.9152 ,71.52 ,37.01 ,907.7414 ,70.90
15:54:50.345 34.51 ,907.6314 ,72.35 ,37.01 ,907.7414 ,70.90
15:54:50.352 34.51 ,907.6314 ,72.35 ,37.01 ,907.7414 ,70.90
15:54:50.386 34.51 ,907.6314 ,72.35 ,37.01 ,907.7414 ,70.90
15:54:50.446 34.51 ,907.6314 ,72.35 ,37.10 ,907.7737 ,70.99
15:54:50.512 34.58 ,907.9853 ,72.73 ,37.10 ,907.7737 ,70.99
15:54:50.521 34.58 ,907.9853 ,72.73 ,37.10 ,907.7737 ,70.99
15:54:50.555 34.63 ,907.8354 ,73.62 ,37.17 ,907.8074 ,71.92
15:54:50.592 34.63 ,907.8354 ,73.62 ,37.17 ,907.8074 ,71.92
15:54:50.601 34.63 ,907.8354 ,73.62 ,37.17 ,907.8074 ,71.08
15:54:50.634 34.66 ,907.4691 ,73.37 ,37.21 ,907.0953 ,71.08
15:54:50.675 34.66 ,907.4691 ,73.37 ,37.21 ,907.0953 ,71.08
15:54:50.682 34.66 ,907.4691 ,73.37 ,37.21 ,907.2957 ,69.84
15:54:50.716 34.67 ,907.5561 ,72.16 ,37.22 ,907.2957 ,69.84
15:54:50.754 34.67 ,907.5561 ,72.16 ,37.22 ,907.2957 ,69.84
15:54:50.761 34.67 ,907.5561 ,72.16 ,37.22 ,907.2957 ,69.84
15:54:50.794 34.67 ,907.5561 ,72.16 ,37.15 ,907.7180 ,69.21
15:54:50.826 34.61 ,907.6597 ,71.21 ,37.15 ,907.7180 ,69.21
15:54:50.833 34.61 ,907.6597 ,71.21 ,37.15 ,907.7180 ,69.21
15:54:50.869 34.61 ,907.6597 ,71.21 ,37.15 ,907.7180 ,69.21
15:54:50.910 34.61 ,907.6597 ,71.21 ,37.15 ,907.7180 ,69.21
15:54:50.916 34.52 ,907.5536 ,70.23 ,37.06 ,907.2648 ,68.46
15:54:50.952 34.52 ,907.5536 ,70.23 ,37.06 ,907.2648 ,68.46
15:54:51.012 34.52 ,907.5536 ,70.23 ,37.06 ,907.2648 ,68.46
15:54:51.078 34.52 ,907.5536 ,69.10 ,36.97 ,907.1323 ,67.20
15:54:51.095 34.44 ,907.5450 ,69.10 ,36.97 ,907.1323 ,67.20
15:54:51.129 34.36 ,908.1639 ,69.10 ,36.89 ,907.8542 ,69.67
15:54:51.164 34.36 ,908.1639 ,69.10 ,36.89 ,907.8542 ,69.67
15:54:51.173 34.36 ,908.1639 ,69.10 ,36.89 ,907.8542 ,69.67
15:54:51.207 34.32 ,908.1205 ,70.55 ,36.84 ,907.7944 ,71.38
15:54:51.252 34.32 ,908.1205 ,70.55 ,36.84 ,907.7944 ,71.38
15:54:51.260 34.32 ,908.1205 ,70.55 ,36.84 ,907.7944 ,71.38
15:54:51.294 34.32 ,907.8020 ,71.71 ,36.88 ,907.7367 ,71.94
15:54:51.334 34.34 ,907.8020 ,71.71 ,36.88 ,907.7367 ,71.94
15:54:51.341 34.34 ,907.8020 ,71.71 ,36.88 ,907.7367 ,71.94
15:54:51.374 34.34 ,907.8020 ,71.71 ,36.88 ,907.7367 ,71.94
15:54:51.468 34.43 ,907.8016 ,72.72 ,36.95 ,907.7390 ,72.57
15:54:51.473 34.43 ,907.8016 ,72.72 ,36.95 ,907.7679 ,73.09
15:54:51.505 34.51 ,907.7254 ,73.55 ,37.03 ,907.7679 ,73.09
15:54:51.555 34.51 ,907.7254 ,73.55 ,37.03 ,907.7679 ,73.09
15:54:51.561 34.51 ,907.7254 ,73.55 ,37.03 ,907.7679 ,73.09
15:54:51.594 34.58 ,907.3489 ,73.53 ,37.10 ,906.7808 ,71.95
15:54:51.636 34.58 ,907.3489 ,73.53 ,37.10 ,906.7808 ,71.95
15:54:51.643 34.58 ,907.3489 ,73.53 ,37.10 ,906.7808 ,71.95
15:54:51.678 34.58 ,907.3489 ,73.53 ,37.10 ,906.7808 ,71.95
15:54:51.716 34.63 ,907.2734 ,72.10 ,37.13 ,906.6741 ,70.17
15:54:51.722 34.63 ,907.2734 ,72.10 ,37.13 ,906.6741 ,70.17
15:54:51.784 34.63 ,907.2734 ,72.10 ,37.13 ,906.6741 ,70.17
15:54:51.851 34.63 ,907.2734 ,72.10 ,37.13 ,906.6741 ,70.17
15:54:51.864 34.58 ,907.6219 ,70.75 ,37.04 ,907.7153 ,69.33
15:54:51.873 34.58 ,907.6219 ,70.75 ,37.04 ,907.7153 ,69.33
15:54:51.907 34.49 ,908.0156 ,71.12 ,36.90 ,907.8861 ,71.30
15:54:51.950 34.49 ,908.0156 ,71.12 ,36.90 ,907.8861 ,71.30
15:54:51.960 34.49 ,908.0156 ,71.12 ,36.90 ,907.8861 ,71.30
15:54:51.992 34.41 ,907.8883 ,72.29 ,36.85 ,907.7593 ,72.32
15:54:52.036 34.41 ,907.8883 ,72.29 ,36.85 ,907.7593 ,72.32
15:54:52.044 34.41 ,907.8883 ,72.29 ,36.85 ,907.7593 ,72.32
15:54:52.078 34.41 ,907.7216 ,73.13 ,36.85 ,907.7593 ,72.32
15:54:52.126 34.41 ,907.7216 ,73.13 ,36.88 ,907.7350 ,72.94
15:54:52.134 34.41 ,907.7216 ,73.13 ,36.88 ,907.7350 ,72.94
15:54:52.167 34.41 ,907.7216 ,73.13 ,36.88 ,907.7350 ,72.94
15:54:52.209 34.46 ,907.6625 ,73.91 ,36.96 ,907.7024 ,73.38
15:54:52.215 34.46 ,907.6625 ,73.91 ,36.96 ,907.7024 ,73.38
15:54:52.250 34.46 ,907.6625 ,73.91 ,36.96 ,907.7024 ,73.38
15:54:52.290 34.46 ,907.6625 ,73.91 ,36.96 ,907.7024 ,73.38
15:54:52.298 34.51 ,907.3070 ,73.68 ,37.03 ,906.6297 ,71.77
15:54:52.330 34.51 ,907.3070 ,73.68 ,37.03 ,906.6297 ,71.77
15:54:52.478 34.51 ,907.3070 ,73.68 ,37.03 ,906.6297 ,71.77
15:54:52.494 34.51 ,907.3070 ,73.68 ,37.05 ,906.5683 ,69.91
15:54:52.498 34.54 ,907.2950 ,72.52 ,37.05 ,906.5683 ,69.91
15:54:52.504 34.51 ,907.3371 ,70.99 ,36.93 ,906.8323 ,68.75
15:54:52.542 34.51 ,907.3371 ,70.99 ,36.93 ,906.8323 ,68.75
15:54:52.589 34.51 ,907.3371 ,70.99 ,36.93 ,906.8323 ,68.75
15:54:52.592 34.42 ,907.7679 ,70.12 ,36.79 ,907.7766 ,69.82
15:54:52.626 34.42 ,907.7679 ,70.12 ,36.79 ,907.7766 ,69.82
15:54:52.715 34.42 ,907.7679 ,70.12 ,36.79 ,907.7766 ,69.82
15:54:52.718 34.42 ,908.0887 ,71.32 ,36.70 ,907.7513 ,72.00
15:54:52.728 34.33 ,908.0887 ,71.32 ,36.70 ,907.7513 ,72.00
15:54:52.761 34.33 ,908.0887 ,71.32 ,36.70 ,907.7513 ,72.00
15:54:52.794 34.30 ,907.8348 ,72.40 ,36.70 ,907.7513 ,72.00
15:54:52.802 34.30 ,907.8348 ,72.40 ,36.72 ,907.6934 ,72.68
15:54:52.834 34.30 ,907.8348 ,72.40 ,36.72 ,907.6934 ,72.68
15:54:52.880 34.30 ,907.8348 ,72.40 ,36.72 ,907.6934 ,72.68
15:54:52.888 34.34 ,907.6797 ,73.28 ,36.72 ,907.6294 ,73.30
15:54:52.922 34.34 ,907.6797 ,73.28 ,36.79 ,907.6294 ,73.30
15:54:52.963 34.34 ,907.6797 ,73.28 ,36.79 ,907.6294 ,73.30
15:54:52.970 34.34 ,907.6797 ,74.07 ,36.88 ,907.6035 ,73.64
15:54:53.003 34.41 ,907.6667 ,74.07 ,36.88 ,907.6035 ,73.64
15:54:53.045 34.41 ,907.6667 ,74.07 ,36.88 ,907.6035 ,73.64
15:54:53.050 34.41 ,907.6667 ,74.07 ,36.88 ,907.6035 ,73.64
15:54:53.086 34.48 ,907.2762 ,74.07 ,36.94 ,906.5114 ,72.04
15:54:53.143 34.48 ,907.2762 ,74.07 ,36.94 ,906.5114 ,72.04
15:54:53.194 34.48 ,907.2762 ,72.90 ,36.94 ,906.5114 ,72.04
15:54:53.212 34.51 ,907.2715 ,72.90 ,36.95 ,906.6747 ,70.32
15:54:53.224 34.51 ,907.2715 ,72.90 ,36.95 ,906.6747 ,70.32
15:54:53.261 34.49 ,907.3117 ,71.63 ,36.95 ,906.6747 ,70.32
15:54:53.301 34.49 ,907.3117 ,71.63 ,36.85 ,906.6722 ,68.84
15:54:53.303 34.49 ,907.3117 ,71.63 ,36.85 ,906.6722 ,68.84
15:54:53.335 34.49 ,907.3117 ,71.63 ,36.85 ,906.6722 ,68.84
15:54:53.380 34.39 ,907.3346 ,70.52 ,36.85 ,906.6722 ,68.84
15:54:53.382 34.39 ,907.3346 ,70.52 ,36.71 ,907.0062 ,67.88
15:54:53.419 34.39 ,907.3346 ,70.52 ,36.71 ,907.0062 ,67.88
15:54:53.461 34.39 ,907.3346 ,70.52 ,36.71 ,907.0062 ,67.88
15:54:53.467 34.28 ,907.5082 ,69.29 ,36.56 ,907.4888 ,67.01
15:54:53.502 34.28 ,907.5082 ,69.29 ,36.56 ,907.4888 ,67.01
15:54:53.543 34.28 ,907.5082 ,69.29 ,36.56 ,907.4888 ,67.01
15:54:53.548 34.28 ,907.5082 ,68.45 ,36.56 ,907.4888 ,67.01
15:54:53.583 34.18 ,907.6166 ,68.45 ,36.46 ,907.6508 ,67.65
15:54:53.622 34.18 ,907.6166 ,68.45 ,36.46 ,907.6508 ,67.65
15:54:53.628 34.18 ,907.6166 ,68.96 ,36.46 ,907.6508 ,67.65
15:54:53.664 34.10 ,907.7036 ,68.96 ,36.46 ,907.6508 ,67.65
15:54:53.704 34.10 ,907.7036 ,68.96 ,36.42 ,907.6347 ,69.03
15:54:53.711 34.10 ,907.7036 ,68.96 ,36.42 ,907.6347 ,69.03
15:54:53.745 34.07 ,907.6838 ,69.94 ,36.42 ,907.6347 ,69.03
15:54:53.802 34.07 ,907.6838 ,69.94 ,36.42 ,907.6347 ,69.03
15:54:53.868 34.07 ,907.6838 ,69.94 ,36.46 ,907.6139 ,70.03
15:54:53.875 34.09 ,907.6467 ,70.91 ,36.46 ,907.6139 ,70.03
15:54:53.909 34.09 ,907.6467 ,70.91 ,36.55 ,907.6203 ,71.11
15:54:54.004 34.09 ,907.6467 ,70.91 ,36.55 ,907.6203 ,71.11
15:54:54.013 34.14 ,907.7009 ,71.85 ,36.55 ,907.6203 ,71.88
15:54:54.047 34.21 ,907.6365 ,72.69 ,36.65 ,907.6158 ,71.88
15:54:54.090 34.21 ,907.6365 ,72.69 ,36.65 ,907.6158 ,71.88
15:54:54.099 34.21 ,907.6365 ,72.69 ,36.75 ,907.6359 ,72.55
15:54:54.133 34.21 ,907.5444 ,73.37 ,36.75 ,907.6359 ,72.55
15:54:54.176 34.28 ,907.6376 ,73.37 ,36.75 ,907.6359 ,72.55
15:54:54.183 34.28 ,907.6376 ,73.37 ,36.85 ,907.6506 ,73.20
15:54:54.216 34.28 ,907.6376 ,73.37 ,36.85 ,907.6506 ,73.20
15:54:54.259 34.33 ,907.6652 ,74.16 ,36.85 ,907.6506 ,73.20
15:54:54.265 34.33 ,907.6652 ,74.16 ,36.92 ,907.6636 ,73.71
15:54:54.302 34.33 ,907.6652 ,74.16 ,36.92 ,907.6636 ,73.71
15:54:54.343 34.33 ,907.6652 ,74.16 ,36.92 ,907.6636 ,73.71
15:54:54.350 34.38 ,907.5312 ,74.56 ,36.92 ,907.3767 ,73.11
15:54:54.383 34.38 ,907.5312 ,74.56 ,36.99 ,907.3767 ,73.11
15:54:54.424 34.38 ,907.5312 ,74.56 ,36.99 ,907.3767 ,73.11
15:54:54.432 34.38 ,907.5312 ,74.56 ,36.99 ,907.3767 ,73.11
15:54:54.466 34.42 ,907.4398 ,74.22 ,36.99 ,907.0349 ,71.72
15:54:54.537 34.42 ,907.4398 ,74.22 ,37.03 ,907.0349 ,71.72
15:54:54.539 34.42 ,907.3779 ,73.25 ,37.03 ,907.0349 ,71.72
15:54:54.577 34.43 ,907.3779 ,73.25 ,36.98 ,906.6732 ,70.07
15:54:54.581 34.43 ,907.3779 ,73.25 ,36.98 ,906.6732 ,70.07
15:54:54.590 34.43 ,907.3779 ,73.25 ,36.98 ,906.6732 ,70.07
15:54:54.626 34.37 ,907.3770 ,72.13 ,36.98 ,906.6732 ,70.07
15:54:54.666 34.37 ,907.3770 ,72.13 ,36.98 ,906.6732 ,70.07
15:54:54.672 34.37 ,907.3770 ,72.13 ,36.85 ,906.7615 ,68.72
15:54:54.707 34.37 ,907.3770 ,72.13 ,36.85 ,906.7615 ,68.72
15:54:54.749 34.27 ,907.4125 ,70.96 ,36.85 ,906.7615 ,68.72
15:54:54.755 34.27 ,907.4125 ,70.96 ,36.69 ,907.0867 ,67.70
15:54:54.792 34.27 ,907.4125 ,70.96 ,36.69 ,907.0867 ,67.70
15:54:54.829 34.27 ,907.4125 ,70.96 ,36.69 ,907.0867 ,67.70
15:54:54.836 34.17 ,907.4956 ,69.76 ,36.69 ,907.0867 ,67.70
15:54:54.871 34.17 ,907.4956 ,69.76 ,36.55 ,907.5449 ,67.00
15:54:54.912 34.17 ,907.4956 ,69.76 ,36.55 ,907.5449 ,67.00
15:54:54.918 34.17 ,907.4956 ,68.92 ,36.55 ,907.5449 ,67.00
15:54:54.953 34.08 ,907.6467 ,68.92 ,36.55 ,907.5449 ,67.00
15:54:54.993 34.08 ,907.6467 ,68.92 ,36.46 ,907.6788 ,68.26
15:54:55.000 34.08 ,907.6467 ,69.48 ,36.46 ,907.6788 ,68.26
15:54:55.034 34.00 ,907.7938 ,69.48 ,36.46 ,907.6788 ,68.26
15:54:55.075 34.00 ,907.7938 ,69.48 ,36.46 ,907.6788 ,68.26
15:54:55.082 34.00 ,907.7938 ,69.48 ,36.44 ,907.6682 ,69.64
15:54:55.118 33.97 ,907.6923 ,70.59 ,36.44 ,907.6682 ,69.64
15:54:55.261 33.97 ,907.6923 ,70.59 ,36.44 ,907.6682 ,69.64
15:54:55.268 33.97 ,907.6923 ,71.68 ,36.59 ,907.6872 ,72.02
15:54:55.342 34.00 ,907.8258 ,71.68 ,36.59 ,907.6872 ,72.02
15:54:55.373 34.07 ,907.7422 ,72.75 ,36.59 ,907.6872 ,72.02
15:54:55.382 34.07 ,907.7422 ,72.75 ,36.59 ,907.6872 ,72.78
15:54:55.416 34.15 ,907.6674 ,73.58 ,36.69 ,907.6389 ,72.78
15:54:55.453 34.15 ,907.6674 ,73.58 ,36.69 ,907.6389 ,72.78
15:54:55.461 34.15 ,907.6674 ,73.58 ,36.69 ,907.6606 ,73.32
15:54:55.494 34.15 ,907.6674 ,73.58 ,36.79 ,907.6606 ,73.32
15:54:55.526 34.23 ,907.6140 ,74.38 ,36.79 ,907.6606 ,73.32
15:54:55.534 34.23 ,907.6140 ,74.38 ,36.79 ,907.6606 ,73.32
15:54:55.568 34.23 ,907.6140 ,74.38 ,36.88 ,907.6912 ,73.85
15:54:55.609 34.23 ,907.6140 ,74.38 ,36.88 ,907.6912 ,73.85
15:54:55.615 34.23 ,907.6523 ,74.99 ,36.88 ,907.6912 ,73.85
15:54:55.649 34.30 ,907.6523 ,74.99 ,36.88 ,907.6912 ,73.85
15:54:55.689 34.30 ,907.6523 ,74.99 ,36.94 ,907.1691 ,73.59
15:54:55.696 34.30 ,907.6523 ,74.99 ,36.94 ,907.1691 ,73.59
15:54:55.729 34.36 ,907.5453 ,74.73 ,36.94 ,907.1691 ,73.59
15:54:55.768 34.36 ,907.5453 ,74.73 ,36.94 ,907.1691 ,73.59
15:54:55.775 34.36 ,907.5453 ,74.73 ,36.98 ,907.2379 ,72.10
15:54:55.810 34.38 ,907.5171 ,73.80 ,36.98 ,907.2379 ,72.10
15:54:55.927 34.38 ,907.5171 ,73.80 ,36.98 ,907.2379 ,72.10
15:54:55.929 34.38 ,907.5171 ,72.62 ,36.95 ,907.0953 ,70.95
15:54:55.965 34.33 ,907.4917 ,72.62 ,36.83 ,907.3350 ,69.81
15:54:56.008 34.33 ,907.4917 ,72.62 ,36.83 ,907.3350 ,69.81
15:54:56.013 34.24 ,907.4777 ,71.40 ,36.83 ,907.3350 ,69.81
15:54:56.048 34.24 ,907.4777 ,71.40 ,36.83 ,907.3350 ,69.81
15:54:56.093 34.24 ,907.4777 ,71.40 ,36.70 ,906.8450 ,68.39
15:54:56.099 34.24 ,907.4777 ,71.40 ,36.70 ,906.8450 ,68.39
15:54:56.133 34.13 ,907.5306 ,70.17 ,36.70 ,906.8450 ,68.39
15:54:56.174 34.13 ,907.5306 ,70.17 ,36.70 ,906.8450 ,67.61
15:54:56.182 34.13 ,907.5306 ,70.17 ,36.56 ,907.3784 ,67.61
15:54:56.214 34.03 ,907.7112 ,69.24 ,36.56 ,907.3784 ,67.61
15:54:56.256 34.03 ,907.7112 ,69.24 ,36.56 ,907.3784 ,67.61
15:54:56.261 34.03 ,907.7112 ,69.24 ,36.45 ,907.7436 ,68.97
15:54:56.294 33.94 ,907.6830 ,69.72 ,36.45 ,907.7436 ,68.97
15:54:56.333 33.94 ,907.6830 ,69.72 ,36.45 ,907.7436 ,68.97
15:54:56.338 33.94 ,907.6830 ,69.72 ,36.42 ,907.7029 ,69.96
15:54:56.373 33.94 ,907.6830 ,69.72 ,36.42 ,907.7029 ,69.96
15:54:56.403 33.91 ,907.7317 ,70.48 ,36.42 ,907.7029 ,69.96
15:54:56.409 33.91 ,907.7317 ,70.48 ,36.42 ,907.7029 ,69.96
15:54:56.443 33.91 ,907.7317 ,70.48 ,36.42 ,907.7029 ,69.96
15:54:56.486 33.91 ,907.7317 ,70.48 ,36.47 ,907.7264 ,71.37
15:54:56.491 33.91 ,907.7317 ,70.48 ,36.47 ,907.7264 ,71.37
15:54:56.524 33.93 ,907.9272 ,71.68 ,36.47 ,907.7264 ,71.37
15:54:56.650 33.93 ,907.9272 ,71.68 ,36.47 ,907.7264 ,71.37
15:54:56.700 33.93 ,907.6752 ,73.34 ,36.66 ,907.7300 ,72.90
15:54:56.710 34.08 ,907.8097 ,73.35 ,36.66 ,907.7300 ,72.90
15:54:56.743 34.08 ,907.8097 ,73.35 ,36.66 ,907.7300 ,72.90
15:54:56.786 34.08 ,907.8097 ,73.35 ,36.76 ,907.7764 ,73.86
15:54:56.795 34.08 ,907.8097 ,74.24 ,36.76 ,907.7764 ,73.86
15:54:56.827 34.16 ,907.7260 ,74.24 ,36.76 ,907.7764 ,73.86
15:54:56.869 34.16 ,907.7260 ,74.24 ,36.76 ,907.7764 ,73.86
15:54:56.876 34.16 ,907.7260 ,74.24 ,36.84 ,906.7020 ,72.52
15:54:56.909 34.23 ,907.5144 ,73.79 ,36.84 ,906.7020 ,72.52
15:54:56.952 34.23 ,907.5144 ,73.79 ,36.84 ,906.7020 ,72.52
15:54:56.958 34.23 ,907.5144 ,73.79 ,36.86 ,907.2966 ,71.24
15:54:56.992 34.25 ,907.6408 ,72.70 ,36.86 ,907.2966 ,71.24
15:54:57.031 34.25 ,907.6408 ,72.70 ,36.86 ,907.2966 ,71.24
15:54:57.038 34.25 ,907.6408 ,72.70 ,36.77 ,906.7367 ,69.95
15:54:57.070 34.20 ,907.4609 ,71.61 ,36.77 ,906.7367 ,69.95
15:54:57.111 34.20 ,907.4609 ,71.61 ,36.77 ,906.7367 ,69.95
15:54:57.117 34.20 ,907.4609 ,71.61 ,36.77 ,906.7367 ,69.95
15:54:57.150 34.20 ,907.4609 ,71.61 ,36.64 ,906.8603 ,68.58
15:54:57.215 34.12 ,907.5195 ,70.46 ,36.64 ,906.8603 ,68.58
15:54:57.218 34.12 ,907.5195 ,70.46 ,36.64 ,906.8603 ,68.58
15:54:57.254 34.12 ,907.5195 ,70.46 ,36.51 ,907.7672 ,67.92
15:54:57.282 34.03 ,907.7360 ,69.65 ,36.51 ,907.7672 ,67.92
15:54:57.288 34.03 ,907.7360 ,69.65 ,36.51 ,907.7672 ,67.92
15:54:57.324 34.03 ,907.7360 ,69.65 ,36.51 ,907.7672 ,67.92
15:54:57.355 34.03 ,907.7360 ,69.65 ,36.51 ,907.7672 ,67.47
15:54:57.359 34.03 ,907.7360 ,68.95 ,36.41 ,907.7416 ,67.47
15:54:57.394 33.94 ,907.7714 ,68.95 ,36.41 ,907.7416 ,67.47
15:54:57.435 33.94 ,907.7714 ,68.95 ,36.41 ,907.7416 ,67.47
15:54:57.441 33.94 ,907.7714 ,69.44 ,36.34 ,907.7725 ,68.70
15:54:57.477 33.88 ,907.7985 ,69.44 ,36.34 ,907.7725 ,68.70
15:54:57.521 33.88 ,907.7985 ,69.44 ,36.34 ,907.7725 ,68.70
15:54:57.526 33.88 ,907.7985 ,69.44 ,36.36 ,907.7742 ,70.19
15:54:57.563 33.87 ,907.8691 ,70.55 ,36.36 ,907.7742 ,70.19
15:54:57.601 33.87 ,907.8691 ,70.55 ,36.36 ,907.7742 ,70.19
15:54:57.606 33.87 ,907.8691 ,70.55 ,36.36 ,907.7742 ,70.19
15:54:57.643 33.87 ,907.8691 ,70.55 ,36.45 ,907.7470 ,71.16
15:54:57.689 33.90 ,907.8199 ,71.52 ,36.45 ,907.7470 ,71.16
15:54:57.694 33.90 ,907.8199 ,71.52 ,36.45 ,907.7470 ,71.16
15:54:57.729 33.90 ,907.8199 ,71.52 ,36.45 ,907.7470 ,71.16
15:54:57.772 33.90 ,907.8199 ,71.52 ,36.55 ,907.7167 ,73.07
15:54:57.778 33.98 ,908.0521 ,72.68 ,36.55 ,907.7167 ,73.07
15:54:57.814 33.98 ,908.0521 ,72.68 ,36.55 ,907.7167 ,73.07
15:54:57.928 33.98 ,908.0521 ,72.68 ,36.55 ,907.7167 ,73.07
15:54:57.929 33.98 ,908.0521 ,73.66 ,36.67 ,907.7371 ,73.61
15:54:57.992 34.06 ,907.7541 ,73.66 ,36.67 ,907.7371 ,73.61
15:54:57.994 34.15 ,907.8552 ,74.38 ,36.78 ,907.8131 ,74.09
15:54:58.002 34.15 ,907.8552 ,74.38 ,36.78 ,907.8131 ,74.09
15:54:58.036 34.15 ,907.8552 ,74.38 ,36.78 ,907.7771 ,74.40
15:54:58.077 34.21 ,907.7039 ,74.94 ,36.86 ,907.7771 ,74.40
15:54:58.083 34.21 ,907.7039 ,74.94 ,36.86 ,907.7771 ,74.40
15:54:58.115 34.21 ,907.7039 ,74.94 ,36.86 ,907.7771 ,74.40
15:54:58.159 34.21 ,907.7039 ,74.94 ,36.86 ,907.7771 ,72.89
15:54:58.166 34.28 ,907.5259 ,74.37 ,36.94 ,907.1428 ,72.89
15:54:58.200 34.28 ,907.5259 ,74.37 ,36.94 ,907.1428 ,72.89
15:54:58.234 34.28 ,907.5259 ,74.37 ,36.94 ,907.1428 ,72.89
15:54:58.241 34.28 ,907.5259 ,74.37 ,36.94 ,906.5290 ,71.00
15:54:58.274 34.28 ,907.4164 ,73.34 ,36.94 ,906.5290 ,71.00
15:54:58.308 34.28 ,907.4164 ,73.34 ,36.94 ,906.5290 ,71.00
15:54:58.316 34.28 ,907.4164 ,73.34 ,36.94 ,906.5290 ,69.85
15:54:58.349 34.22 ,907.5516 ,72.12 ,36.84 ,907.2509 ,69.85
15:54:58.389 34.22 ,907.5516 ,72.12 ,36.84 ,907.2509 ,69.85
15:54:58.395 34.22 ,907.5516 ,72.12 ,36.84 ,907.2509 ,69.85
15:54:58.428 34.22 ,907.5516 ,72.12 ,36.84 ,907.2509 ,69.85
15:54:58.481 34.12 ,907.5695 ,71.01 ,36.66 ,907.1884 ,68.72
15:54:58.490 34.12 ,907.5695 ,71.01 ,36.66 ,907.1884 ,68.72
15:54:58.556 34.12 ,907.5695 ,71.01 ,36.66 ,907.1884 ,68.72
15:54:58.563 34.12 ,907.7856 ,70.07 ,36.53 ,907.4886 ,67.75
15:54:58.569 34.02 ,907.6456 ,70.07 ,36.53 ,907.4886 ,67.75
15:54:58.607 34.02 ,907.6456 ,70.07 ,36.53 ,907.4886 ,67.75
15:54:58.645 34.02 ,907.6456 ,70.07 ,36.53 ,907.4886 ,67.75
15:54:58.679 33.92 ,907.8753 ,69.92 ,36.41 ,907.8747 ,68.82
15:54:58.722 33.92 ,907.8753 ,69.92 ,36.41 ,907.8747 ,68.82
15:54:58.731 33.92 ,907.8753 ,69.92 ,36.41 ,907.8747 ,70.22
15:54:58.764 33.87 ,907.9576 ,70.93 ,36.36 ,907.8829 ,70.22
15:54:58.808 33.87 ,907.9576 ,70.93 ,36.36 ,907.8829 ,70.22
15:54:58.815 33.87 ,907.9576 ,70.93 ,36.36 ,907.7994 ,71.34
15:54:58.849 33.87 ,907.9222 ,72.02 ,36.40 ,907.7994 ,71.34
15:54:58.893 33.87 ,907.9222 ,72.02 ,36.40 ,907.7994 ,71.34
15:54:58.899 33.87 ,907.9222 ,72.02 ,36.40 ,907.7994 ,71.34
15:54:58.932 33.92 ,907.8560 ,72.99 ,36.49 ,907.7824 ,72.17
15:54:58.973 33.92 ,907.8560 ,72.99 ,36.49 ,907.7824 ,72.17
15:54:58.978 33.92 ,907.8560 ,72.99 ,36.49 ,907.7824 ,72.17
15:54:59.012 33.92 ,907.8560 ,72.99 ,36.49 ,907.7824 ,72.17
15:54:59.051 34.01 ,907.7726 ,73.75 ,36.59 ,907.7783 ,72.79
15:54:59.057 34.01 ,907.7726 ,73.75 ,36.59 ,907.7783 ,72.79
15:54:59.091 34.01 ,907.7726 ,73.75 ,36.59 ,907.7783 ,72.79
15:54:59.135 34.01 ,907.7726 ,73.75 ,36.59 ,907.7783 ,72.79
15:54:59.141 34.01 ,907.8152 ,74.55 ,36.68 ,907.8123 ,73.46
15:54:59.175 34.08 ,907.9231 ,74.55 ,36.68 ,907.8123 ,73.46
15:54:59.269 34.08 ,907.9231 ,74.55 ,36.68 ,907.8123 ,73.46
15:54:59.345 34.08 ,907.9231 ,74.55 ,36.77 ,907.8062 ,74.00
15:54:59.370 34.15 ,907.8250 ,75.19 ,36.77 ,907.8062 ,74.00
15:54:59.373 34.21 ,907.6984 ,75.66 ,36.85 ,907.6962 ,74.21
15:54:59.384 34.21 ,907.6984 ,75.66 ,36.85 ,907.6962 ,74.21
15:54:59.429 34.21 ,907.6984 ,74.99 ,36.85 ,907.6962 ,74.21
15:54:59.433 34.25 ,907.5840 ,74.99 ,36.91 ,907.1408 ,72.53
15:54:59.442 34.25 ,907.5840 ,74.99 ,36.91 ,907.1408 ,72.53
15:54:59.454 34.25 ,907.5840 ,74.99 ,36.91 ,907.1408 ,72.53
15:54:59.491 34.25 ,907.5840 ,74.99 ,36.91 ,907.1408 ,72.53
15:54:59.518 34.25 ,907.5840 ,74.99 ,36.91 ,907.1408 ,72.53
15:54:59.552 34.25 ,907.6001 ,74.11 ,36.87 ,907.1792 ,70.99
15:54:59.594 34.25 ,907.6001 ,74.11 ,36.87 ,907.1792 ,70.99
15:54:59.604 34.25 ,907.6001 ,74.11 ,36.87 ,907.1792 ,70.99
15:54:59.637 34.19 ,907.6841 ,73.12 ,36.75 ,907.4517 ,69.95
15:54:59.680 34.19 ,907.6841 ,73.12 ,36.75 ,907.4517 ,69.95
15:54:59.688 34.19 ,907.6841 ,73.12 ,36.75 ,907.4517 ,69.95
15:54:59.720 34.10 ,907.6628 ,71.91 ,36.75 ,907.4517 ,68.82
15:54:59.764 34.10 ,907.6628 ,71.91 ,36.60 ,907.2562 ,68.81
15:54:59.770 34.10 ,907.6628 ,71.91 ,36.60 ,907.2562 ,68.81
15:54:59.803 34.10 ,907.6628 ,71.91 ,36.60 ,907.2562 ,68.81
15:54:59.861 34.00 ,907.7053 ,71.02 ,36.60 ,907.2562 ,67.73
15:54:59.931 34.00 ,907.7053 ,71.02 ,36.48 ,907.2234 ,67.73
15:54:59.934 34.00 ,907.7053 ,71.02 ,36.48 ,907.2234 ,67.73
15:54:59.940 33.90 ,907.5542 ,70.21 ,36.37 ,906.8091 ,66.59
15:54:59.977 33.90 ,907.5542 ,70.21 ,36.37 ,906.8091 ,66.59
15:55:00.018 33.90 ,907.5542 ,70.21 ,36.37 ,906.8091 ,66.59
15:55:00.052 33.84 ,907.7567 ,69.19 ,36.28 ,907.6353 ,65.77
15:55:00.088 33.84 ,907.7567 ,69.19 ,36.28 ,907.6353 ,65.77
15:55:00.096 33.84 ,907.7567 ,69.19 ,36.28 ,907.6353 ,65.77
15:55:00.130 33.78 ,907.6902 ,68.33 ,36.20 ,907.3208 ,64.98
15:55:00.167 33.78 ,907.6902 ,68.33 ,36.20 ,907.3208 ,64.98
15:55:00.176 33.78 ,907.6902 ,68.33 ,36.20 ,907.3208 ,64.98
15:55:00.209 33.74 ,907.7849 ,67.46 ,36.20 ,907.3208 ,64.98
15:55:00.250 33.74 ,907.7849 ,67.46 ,36.15 ,907.8267 ,64.73
15:55:00.257 33.74 ,907.7849 ,67.46 ,36.15 ,907.8267 ,64.73
15:55:00.290 33.74 ,907.7849 ,67.46 ,36.15 ,907.8267 ,64.73
15:55:00.334 33.71 ,907.9348 ,67.32 ,36.15 ,907.8267 ,64.73
15:55:00.339 33.71 ,907.9348 ,67.32 ,36.12 ,907.9384 ,66.58
15:55:00.372 33.71 ,907.9348 ,67.32 ,36.12 ,907.9384 ,66.58
15:55:00.418 33.71 ,907.9348 ,67.32 ,36.12 ,907.9384 ,66.58
15:55:00.424 33.69 ,907.9080 ,68.48 ,36.15 ,907.8511 ,67.97
15:55:00.458 33.69 ,907.9080 ,68.48 ,36.15 ,907.8511 ,67.97
15:55:00.501 33.69 ,907.9080 ,68.48 ,36.15 ,907.8511 ,67.97
15:55:00.508 33.69 ,907.9080 ,68.48 ,36.23 ,907.8536 ,69.67
15:55:00.540 33.72 ,908.0378 ,69.76 ,36.23 ,907.8536 ,69.67
15:55:00.660 33.72 ,908.0378 ,69.76 ,36.23 ,907.8536 ,69.67
15:55:00.724 33.72 ,908.0378 ,69.76 ,36.33 ,907.8686 ,71.00
15:55:00.740 33.78 ,908.0053 ,71.10 ,36.33 ,907.8686 ,71.00
15:55:00.745 33.78 ,908.0444 ,72.28 ,36.44 ,907.8592 ,71.89
15:55:00.782 33.87 ,908.0444 ,72.28 ,36.44 ,907.8592 ,71.89
15:55:00.814 33.97 ,907.9670 ,73.29 ,36.44 ,907.8592 ,71.89
15:55:00.826 33.97 ,907.9670 ,73.29 ,36.54 ,907.8604 ,72.91
15:55:00.863 33.97 ,907.9670 ,73.29 ,36.54 ,907.8604 ,72.91
15:55:00.901 33.97 ,907.9670 ,73.29 ,36.54 ,907.8604 ,72.91
15:55:00.903 34.06 ,908.0394 ,74.32 ,36.63 ,907.9016 ,73.68
15:55:00.941 34.06 ,908.0394 ,74.32 ,36.63 ,907.9016 ,73.68
15:55:00.986 34.06 ,908.0394 ,74.32 ,36.63 ,907.9016 ,73.68
15:55:00.987 34.14 ,908.1119 ,75.17 ,36.63 ,907.9016 ,73.68
15:55:00.997 34.14 ,908.1119 ,75.17 ,36.71 ,907.9161 ,74.29
15:55:01.034 34.14 ,908.1119 ,75.17 ,36.71 ,907.9161 ,74.29
15:55:01.069 34.14 ,908.1119 ,75.17 ,36.71 ,907.9161 ,74.29
15:55:01.082 34.21 ,907.7996 ,75.69 ,36.71 ,907.9161 ,74.29
15:55:01.118 34.21 ,907.7996 ,75.69 ,36.79 ,907.7466 ,74.15
15:55:01.142 34.21 ,907.7996 ,75.69 ,36.79 ,907.7466 ,74.15
15:55:01.202 34.21 ,907.7996 ,75.69 ,36.79 ,907.7466 ,74.15
15:55:01.295 34.28 ,907.6627 ,75.36 ,36.79 ,907.7466 ,74.15
15:55:01.307 34.28 ,907.6627 ,75.36 ,36.79 ,906.9753 ,71.15
15:55:01.341 34.30 ,907.7020 ,74.35 ,36.82 ,906.9753 ,71.15
15:55:01.383 34.30 ,907.7020 ,74.35 ,36.82 ,906.9753 ,71.15
15:55:01.390 34.30 ,907.7020 ,74.35 ,36.82 ,906.9753 ,71.15
15:55:01.423 34.23 ,907.6583 ,73.25 ,36.69 ,907.2356 ,69.83
15:55:01.467 34.23 ,907.6583 ,73.25 ,36.69 ,907.2356 ,69.83
15:55:01.472 34.23 ,907.6583 ,73.25 ,36.69 ,907.2356 ,69.83
15:55:01.507 34.13 ,907.7839 ,72.04 ,36.69 ,907.2356 ,68.86
15:55:01.552 34.13 ,907.7839 ,72.04 ,36.51 ,907.6568 ,68.84
15:55:01.559 34.13 ,907.7839 ,72.04 ,36.51 ,907.6568 ,68.84
15:55:01.592 34.00 ,907.7424 ,70.90 ,36.51 ,907.6568 ,68.84
15:55:01.635 34.00 ,907.7424 ,70.90 ,36.37 ,907.1207 ,67.80
15:55:01.643 34.00 ,907.7424 ,70.90 ,36.37 ,907.1207 ,67.80
15:55:01.676 33.88 ,907.7381 ,69.69 ,36.37 ,907.1207 ,67.80
15:55:01.718 33.88 ,907.7381 ,69.69 ,36.37 ,907.1207 ,67.80
15:55:01.724 33.88 ,907.7381 ,69.69 ,36.25 ,907.9380 ,67.06
15:55:01.757 33.88 ,907.7381 ,69.69 ,36.25 ,907.9380 ,67.06
15:55:01.802 33.79 ,907.9293 ,69.16 ,36.25 ,907.9380 ,67.06
15:55:01.807 33.79 ,907.9293 ,69.16 ,36.16 ,907.8914 ,67.84
15:55:01.840 33.79 ,907.9293 ,69.16 ,36.16 ,907.8914 ,67.84
15:55:01.930 33.79 ,907.9293 ,69.16 ,36.16 ,907.8914 ,67.84
15:55:01.934 33.73 ,907.8307 ,69.25 ,36.15 ,907.9475 ,68.03
15:55:01.968 33.71 ,907.9030 ,69.36 ,36.15 ,907.9475 ,68.03
15:55:02.020 33.71 ,907.9030 ,69.36 ,36.15 ,907.9475 ,68.03
15:55:02.087 33.71 ,907.9030 ,69.36 ,36.18 ,907.9878 ,69.08
15:55:02.102 33.71 ,907.9030 ,70.38 ,36.18 ,907.9878 ,69.08
15:55:02.105 33.70 ,908.1473 ,70.38 ,36.24 ,908.0691 ,70.25
15:55:02.139 33.70 ,908.1473 ,70.38 ,36.24 ,908.0691 ,70.25
15:55:02.175 33.70 ,908.1473 ,71.38 ,36.24 ,908.0691 ,70.25
15:55:02.182 33.74 ,908.1550 ,71.39 ,36.24 ,908.0691 ,70.25
15:55:02.216 33.74 ,908.1550 ,71.39 ,36.34 ,908.0283 ,71.15
15:55:02.257 33.74 ,908.1550 ,71.39 ,36.34 ,908.0283 ,71.15
15:55:02.262 33.74 ,908.1550 ,71.39 ,36.34 ,908.0283 ,71.15
15:55:02.296 33.80 ,908.2078 ,72.69 ,36.34 ,908.0283 ,71.15
15:55:02.343 33.80 ,908.2078 ,72.69 ,36.44 ,908.0239 ,72.20
15:55:02.351 33.80 ,908.2078 ,72.69 ,36.44 ,908.0239 ,72.20
15:55:02.384 33.89 ,908.1439 ,73.66 ,36.44 ,908.0239 ,72.20
15:55:02.423 33.89 ,908.1439 ,73.66 ,36.44 ,907.9691 ,72.91
15:55:02.430 33.89 ,908.1439 ,73.66 ,36.55 ,907.9691 ,72.91
15:55:02.465 34.00 ,907.9905 ,74.45 ,36.55 ,907.9691 ,72.91
15:55:02.487 34.00 ,907.9905 ,74.45 ,36.55 ,907.9691 ,72.91
15:55:02.495 34.00 ,907.9905 ,74.45 ,36.66 ,908.0172 ,73.41
15:55:02.552 34.00 ,907.9905 ,74.45 ,36.66 ,908.0172 ,73.41
15:55:02.571 34.00 ,907.9905 ,74.45 ,36.66 ,908.0172 ,73.41
15:55:02.636 34.08 ,908.0737 ,75.12 ,36.66 ,908.0172 ,73.41
15:55:02.640 34.08 ,908.0737 ,75.12 ,36.75 ,907.9970 ,73.87
15:55:02.647 34.08 ,908.0737 ,75.57 ,36.75 ,907.9970 ,73.87
15:55:02.682 34.16 ,907.7967 ,75.57 ,36.75 ,907.9970 ,73.87
15:55:02.723 34.16 ,907.7967 ,75.57 ,36.75 ,907.4780 ,72.98
15:55:02.729 34.16 ,907.7967 ,74.52 ,36.82 ,907.5732 ,72.98
15:55:02.764 34.21 ,907.6241 ,74.52 ,36.82 ,907.5732 ,72.98
15:55:02.804 34.21 ,907.6241 ,74.52 ,36.82 ,907.5732 ,72.98
15:55:02.810 34.21 ,907.6241 ,74.52 ,36.85 ,907.3157 ,71.60
15:55:02.846 34.21 ,907.7319 ,73.21 ,36.85 ,907.3157 ,71.60
15:55:02.889 34.19 ,907.7319 ,73.21 ,36.85 ,907.3157 ,71.60
15:55:02.895 34.19 ,907.7319 ,73.21 ,36.77 ,907.6852 ,70.66
15:55:02.931 34.19 ,907.7319 ,73.21 ,36.77 ,907.6852 ,70.66
15:55:02.966 34.10 ,907.8134 ,71.87 ,36.77 ,907.6852 ,70.66
15:55:02.971 34.10 ,907.8134 ,71.87 ,36.77 ,907.6852 ,70.66
15:55:03.008 34.10 ,907.8134 ,71.87 ,36.63 ,907.3859 ,69.77
15:55:03.049 34.10 ,907.8134 ,71.87 ,36.63 ,907.3859 ,69.77
15:55:03.056 33.97 ,907.6800 ,70.71 ,36.63 ,907.3859 ,69.77
15:55:03.090 33.97 ,907.6800 ,70.71 ,36.63 ,907.3859 ,69.77
15:55:03.136 33.97 ,907.6800 ,70.71 ,36.49 ,907.5494 ,68.83
15:55:03.142 33.97 ,907.6800 ,69.56 ,36.49 ,907.5494 ,68.83
15:55:03.179 33.85 ,907.8419 ,69.56 ,36.49 ,907.5494 ,68.83
15:55:03.307 33.85 ,907.8419 ,69.56 ,36.49 ,908.0321 ,68.98
15:55:03.309 33.85 ,907.8419 ,69.35 ,36.38 ,908.0321 ,68.98
15:55:03.318 33.74 ,908.1267 ,69.35 ,36.38 ,908.0321 ,70.45
15:55:03.329 33.69 ,908.2321 ,70.46 ,36.30 ,908.1275 ,70.44
15:55:03.366 33.69 ,908.2321 ,70.46 ,36.30 ,908.1275 ,70.44
15:55:03.479 33.69 ,908.2321 ,70.46 ,36.30 ,908.1275 ,70.44
15:55:03.479 33.70 ,908.0322 ,71.55 ,36.30 ,907.9822 ,71.71
15:55:03.497 33.70 ,908.0322 ,71.55 ,36.30 ,907.9822 ,72.68
15:55:03.532 33.70 ,908.1049 ,72.67 ,36.37 ,907.9883 ,72.68
15:55:03.566 33.77 ,908.1982 ,72.67 ,36.37 ,907.9883 ,72.68
15:55:03.573 33.77 ,908.1982 ,72.67 ,36.37 ,907.9883 ,73.64
15:55:03.607 33.77 ,908.1982 ,72.67 ,36.47 ,908.0153 ,73.64
15:55:03.647 33.77 ,908.1982 ,72.67 ,36.47 ,908.0153 ,73.64
15:55:03.654 33.86 ,908.0406 ,73.63 ,36.47 ,908.0153 ,73.64
15:55:03.687 33.86 ,908.0406 ,73.63 ,36.47 ,908.0153 ,73.64
15:55:03.727 33.86 ,908.0406 ,73.63 ,36.56 ,908.0094 ,74.16
15:55:03.735 33.86 ,908.0406 ,73.63 ,36.56 ,908.0094 ,74.16
15:55:03.768 33.95 ,907.9664 ,74.48 ,36.56 ,908.0094 ,74.16
15:55:03.811 33.95 ,907.9664 ,74.48 ,36.56 ,908.0094 ,74.16
15:55:03.818 33.95 ,907.9664 ,74.48 ,36.65 ,907.9944 ,74.54
15:55:03.850 34.04 ,907.8337 ,75.04 ,36.65 ,907.9944 ,74.54
15:55:03.953 34.04 ,907.8337 ,75.04 ,36.65 ,907.9944 ,74.54
15:55:03.983 34.04 ,907.8337 ,75.04 ,36.73 ,907.6850 ,73.57
15:55:03.986 34.11 ,907.7338 ,74.33 ,36.73 ,907.6850 ,73.57
15:55:04.030 34.11 ,907.7338 ,74.33 ,36.75 ,907.6096 ,72.25
15:55:04.038 34.11 ,907.8189 ,73.37 ,36.75 ,907.6096 ,72.25
15:55:04.073 34.11 ,907.8189 ,73.37 ,36.75 ,907.6096 ,72.25
15:55:04.119 34.11 ,907.8189 ,73.37 ,36.75 ,907.6271 ,71.27
15:55:04.127 34.11 ,907.8189 ,73.37 ,36.67 ,907.5179 ,71.27
15:55:04.160 34.04 ,907.7467 ,72.28 ,36.67 ,907.5179 ,71.27
15:55:04.203 34.04 ,907.7467 ,72.28 ,36.67 ,907.5179 ,71.27
15:55:04.210 34.04 ,907.7467 ,72.28 ,36.55 ,907.6395 ,70.46
15:55:04.243 33.92 ,907.7921 ,70.93 ,36.55 ,907.6395 ,70.46
15:55:04.286 33.92 ,907.7921 ,70.93 ,36.55 ,907.6395 ,70.46
15:55:04.291 33.92 ,907.7921 ,70.93 ,36.42 ,907.5383 ,69.45
15:55:04.324 33.81 ,907.7476 ,69.80 ,36.42 ,907.5383 ,69.45
15:55:04.363 33.81 ,907.7476 ,69.80 ,36.42 ,907.5383 ,69.45
15:55:04.370 33.81 ,907.7476 ,69.80 ,36.31 ,907.7459 ,68.53
15:55:04.405 33.81 ,907.7476 ,69.80 ,36.31 ,907.7459 ,68.53
15:55:04.446 33.72 ,907.8856 ,68.79 ,36.31 ,907.7459 ,68.53
15:55:04.454 33.72 ,907.8856 ,68.79 ,36.31 ,907.7459 ,68.53
15:55:04.487 33.72 ,907.8856 ,68.79 ,36.22 ,908.0358 ,68.08
15:55:04.529 33.72 ,907.8856 ,68.79 ,36.22 ,908.0358 ,68.08
15:55:04.535 33.64 ,907.9425 ,68.00 ,36.22 ,908.0358 ,68.08
15:55:04.569 33.64 ,907.9425 ,68.00 ,36.22 ,908.0358 ,68.08
15:55:04.662 33.64 ,907.9425 ,68.00 ,36.16 ,908.0508 ,69.37
15:55:04.666 33.64 ,907.9425 ,68.00 ,36.16 ,908.0859 ,70.53
15:55:04.700 33.59 ,908.0653 ,68.57 ,36.16 ,908.0859 ,70.53
15:55:04.746 33.58 ,908.1166 ,69.74 ,36.16 ,908.0859 ,70.53
15:55:04.847 33.58 ,908.1166 ,69.74 ,36.16 ,908.0859 ,70.53
15:55:04.894 33.58 ,908.1166 ,69.74 ,36.22 ,908.0936 ,71.63
15:55:04.897 33.63 ,908.2129 ,71.01 ,36.31 ,908.0559 ,72.81
15:55:04.903 33.72 ,908.1883 ,72.23 ,36.31 ,908.0559 ,72.81
15:55:04.916 33.72 ,908.1883 ,72.23 ,36.31 ,908.0559 ,72.81
15:55:04.953 33.72 ,908.1883 ,72.23 ,36.31 ,908.0559 ,72.81
15:55:04.986 33.72 ,908.1883 ,72.23 ,36.31 ,908.0559 ,72.81
15:55:04.993 33.81 ,908.0946 ,73.29 ,36.41 ,908.0412 ,73.57
15:55:05.029 33.81 ,908.0946 ,73.29 ,36.41 ,908.0412 ,73.57
15:55:05.066 33.81 ,908.0946 ,73.29 ,36.41 ,908.0412 ,73.57
15:55:05.069 33.81 ,908.0946 ,73.29 ,36.50 ,908.0228 ,74.28
15:55:05.108 33.90 ,908.1568 ,74.13 ,36.50 ,908.0228 ,74.28
15:55:05.149 33.90 ,908.1568 ,74.13 ,36.50 ,908.0228 ,74.28
15:55:05.183 33.90 ,908.1568 ,74.13 ,36.58 ,908.0675 ,74.81
15:55:05.252 34.00 ,908.1588 ,74.96 ,36.58 ,908.0675 ,74.81
15:55:05.311 34.00 ,908.1588 ,74.96 ,36.58 ,908.0675 ,75.12
15:55:05.329 34.08 ,907.9230 ,75.56 ,36.66 ,908.0172 ,75.12
15:55:05.334 34.08 ,907.9230 ,75.56 ,36.66 ,908.0172 ,75.12
15:55:05.341 34.08 ,907.9230 ,75.56 ,36.66 ,908.0172 ,75.12
15:55:05.381 34.08 ,907.9230 ,75.56 ,36.72 ,907.1395 ,73.50
15:55:05.408 34.14 ,907.5662 ,75.05 ,36.72 ,907.1395 ,73.50
15:55:05.415 34.14 ,907.5662 ,75.05 ,36.72 ,907.1395 ,73.50
15:55:05.448 34.14 ,907.5662 ,75.05 ,36.72 ,907.1395 ,73.50
15:55:05.489 34.14 ,907.5662 ,75.05 ,36.72 ,907.1395 ,73.50
15:55:05.496 34.14 ,907.5662 ,75.05 ,36.72 ,907.2166 ,72.20
15:55:05.529 34.15 ,907.6992 ,73.78 ,36.72 ,907.2166 ,72.20
15:55:05.575 34.15 ,907.6992 ,73.78 ,36.72 ,907.2166 ,72.20
15:55:05.581 34.15 ,907.6992 ,73.78 ,36.60 ,907.2475 ,71.10
15:55:05.616 34.08 ,907.6359 ,72.54 ,36.60 ,907.2475 ,71.10
15:55:05.659 34.08 ,907.6359 ,72.54 ,36.60 ,907.2475 ,71.10
15:55:05.664 34.08 ,907.6359 ,72.54 ,36.45 ,907.5158 ,70.02
15:55:05.699 33.96 ,907.8658 ,71.29 ,36.45 ,907.5158 ,70.02
15:55:05.736 33.96 ,907.8658 ,71.29 ,36.45 ,907.5158 ,70.02
15:55:05.743 33.96 ,907.8658 ,71.29 ,36.45 ,907.5158 ,70.02
15:55:05.777 33.96 ,907.8658 ,71.29 ,36.31 ,907.6705 ,69.04
15:55:05.859 33.83 ,907.8293 ,70.08 ,36.31 ,907.6705 ,69.04
15:55:05.863 33.83 ,907.8293 ,70.08 ,36.20 ,908.1562 ,69.89
15:55:05.896 33.73 ,908.1672 ,69.74 ,36.20 ,908.1562 ,69.89
15:55:05.947 33.73 ,908.1672 ,69.74 ,36.20 ,908.1562 ,69.89
15:55:05.953 33.73 ,908.1672 ,69.74 ,36.20 ,908.1562 ,71.04
15:55:05.987 33.67 ,908.1235 ,70.50 ,36.15 ,908.0981 ,71.04
15:55:06.026 33.67 ,908.1235 ,70.50 ,36.15 ,908.0981 ,71.04
15:55:06.032 33.67 ,908.1235 ,70.50 ,36.15 ,908.0981 ,71.04
15:55:06.065 33.67 ,908.1235 ,70.50 ,36.15 ,908.0981 ,71.04
15:55:06.111 33.67 ,908.2687 ,71.50 ,36.18 ,908.0406 ,72.37
15:55:06.186 33.67 ,908.2687 ,71.50 ,36.18 ,908.0406 ,72.37
15:55:06.263 33.67 ,908.2687 ,71.50 ,36.18 ,908.0406 ,72.37
15:55:06.270 33.67 ,908.2687 ,72.50 ,36.26 ,908.1184 ,73.42
15:55:06.279 33.72 ,908.2289 ,72.50 ,36.26 ,908.1184 ,73.42
15:55:06.314 33.79 ,908.1118 ,73.48 ,36.36 ,908.1351 ,74.19
15:55:06.354 33.79 ,908.1118 ,73.48 ,36.36 ,908.1351 ,74.19
15:55:06.364 33.79 ,908.1118 ,73.48 ,36.36 ,908.1351 ,75.01
15:55:06.398 33.88 ,908.2163 ,74.36 ,36.45 ,908.0572 ,75.01
15:55:06.440 33.88 ,908.2163 ,74.36 ,36.45 ,908.0572 ,75.01
15:55:06.449 33.88 ,908.2163 ,74.36 ,36.45 ,908.0572 ,75.01
15:55:06.482 33.96 ,908.1511 ,75.05 ,36.53 ,908.1177 ,75.41
15:55:06.521 33.96 ,908.1511 ,75.05 ,36.53 ,908.1177 ,75.41
15:55:06.528 33.96 ,908.1511 ,75.05 ,36.53 ,908.1177 ,75.41
15:55:06.562 33.96 ,908.1511 ,75.05 ,36.53 ,908.1177 ,75.41
15:55:06.616 34.04 ,907.8353 ,75.40 ,36.61 ,907.6295 ,74.89
15:55:06.670 34.04 ,907.8353 ,75.40 ,36.61 ,907.6295 ,74.89
15:55:06.674 34.04 ,907.8353 ,75.40 ,36.61 ,907.6295 ,74.89
15:55:06.681 34.09 ,907.7531 ,74.42 ,36.66 ,907.5142 ,73.42
15:55:06.719 34.09 ,907.7531 ,74.42 ,36.66 ,907.5142 ,73.42
15:55:06.740 34.09 ,907.7531 ,74.42 ,36.66 ,907.5142 ,73.42
15:55:06.745 34.09 ,907.9160 ,73.58 ,36.66 ,907.5142 ,72.38
15:55:06.784 34.08 ,907.9160 ,73.58 ,36.61 ,907.7856 ,72.38
15:55:06.798 34.08 ,907.9160 ,73.58 ,36.61 ,907.7856 ,72.38
15:55:06.833 34.08 ,907.9160 ,73.58 ,36.61 ,907.7856 ,72.38
15:55:06.844 34.08 ,907.9160 ,73.58 ,36.61 ,907.7856 ,72.38
15:55:06.853 34.00 ,907.7742 ,72.32 ,36.61 ,907.5051 ,71.50
15:55:06.885 34.00 ,907.7742 ,72.32 ,36.49 ,907.3426 ,71.50
15:55:06.896 34.00 ,907.7742 ,72.32 ,36.49 ,907.3426 ,71.50
15:55:06.903 34.00 ,907.7742 ,72.32 ,36.49 ,907.3426 ,71.50
15:55:06.937 34.00 ,907.7742 ,72.32 ,36.49 ,907.3426 ,71.50
15:55:06.948 34.00 ,907.7742 ,71.31 ,36.49 ,907.3426 ,71.50
15:55:06.956 33.88 ,907.7878 ,71.31 ,36.37 ,907.5204 ,70.41
15:55:06.990 33.88 ,907.7878 ,71.31 ,36.37 ,907.5204 ,70.41
15:55:07.008 33.88 ,907.7878 ,71.31 ,36.37 ,907.5204 ,70.41
15:55:07.014 33.88 ,907.7878 ,71.31 ,36.37 ,907.5204 ,70.41
15:55:07.048 33.88 ,907.7878 ,71.31 ,36.37 ,907.5204 ,70.41
15:55:07.059 33.79 ,907.9294 ,70.31 ,36.26 ,907.8469 ,69.83
15:55:07.066 33.79 ,907.9294 ,70.31 ,36.26 ,907.8469 ,69.83
15:55:07.100 33.79 ,907.9294 ,70.31 ,36.26 ,907.8469 ,69.83
15:55:07.109 33.79 ,907.9294 ,70.31 ,36.26 ,907.8469 ,69.83
15:55:07.116 33.79 ,907.9294 ,70.31 ,36.26 ,907.8469 ,69.83
15:55:07.150 33.79 ,908.0040 ,69.39 ,36.26 ,907.8469 ,69.83
15:55:07.208 33.71 ,908.0040 ,69.39 ,36.18 ,908.0179 ,69.32
15:55:07.213 33.71 ,908.0040 ,69.39 ,36.18 ,908.0179 ,69.32
15:55:07.247 33.71 ,908.0040 ,68.64 ,36.18 ,908.0179 ,69.32
15:55:07.265 33.65 ,908.0895 ,68.64 ,36.14 ,908.1294 ,70.06
15:55:07.269 33.65 ,908.0895 ,68.64 ,36.14 ,908.1294 ,70.06
15:55:07.305 33.65 ,908.0895 ,68.64 ,36.14 ,908.1294 ,70.06
15:55:07.317 33.65 ,908.0895 ,68.64 ,36.14 ,908.1294 ,70.06
15:55:07.323 33.65 ,908.0895 ,68.64 ,36.14 ,908.1294 ,70.06
15:55:07.356 33.61 ,908.3223 ,69.57 ,36.14 ,908.1294 ,72.24
15:55:07.367 33.61 ,908.3223 ,69.57 ,36.13 ,908.0471 ,72.24
15:55:07.373 33.61 ,908.3223 ,69.57 ,36.13 ,908.0471 ,72.24
15:55:07.411 33.61 ,908.3223 ,69.57 ,36.13 ,908.0471 ,72.24
15:55:07.431 33.61 ,908.3223 ,69.57 ,36.13 ,908.0471 ,72.24
15:55:07.466 33.62 ,908.3739 ,70.81 ,36.19 ,908.0792 ,73.69
15:55:07.480 33.62 ,908.3739 ,70.81 ,36.19 ,908.0792 ,73.69
15:55:07.528 33.62 ,908.3739 ,70.81 ,36.19 ,908.0792 ,73.69
15:55:07.550 33.62 ,908.3739 ,70.81 ,36.19 ,908.0792 ,73.69
15:55:07.580 33.69 ,908.2639 ,71.90 ,36.19 ,908.0435 ,74.39
15:55:07.585 33.69 ,908.2639 ,71.90 ,36.29 ,908.0435 ,74.39
15:55:07.590 33.69 ,908.2639 ,71.90 ,36.29 ,908.0435 ,74.39
15:55:07.625 33.69 ,908.2639 ,71.90 ,36.29 ,908.0435 ,74.39
15:55:07.635 33.77 ,908.3045 ,72.85 ,36.29 ,908.0435 ,74.39
15:55:07.640 33.77 ,908.3045 ,72.85 ,36.39 ,908.2459 ,75.10
15:55:07.678 33.77 ,908.3045 ,72.85 ,36.39 ,908.2459 ,75.10
15:55:07.694 33.77 ,908.3045 ,72.85 ,36.39 ,908.2459 ,75.10
15:55:07.699 33.77 ,908.3045 ,72.85 ,36.39 ,908.2459 ,75.10
15:55:07.735 33.77 ,908.3045 ,72.85 ,36.39 ,908.2459 ,75.10
15:55:07.749 33.86 ,908.3187 ,73.84 ,36.39 ,908.2459 ,75.10
15:55:07.754 33.86 ,908.3187 ,73.84 ,36.47 ,908.2187 ,75.95
15:55:07.790 33.86 ,908.3187 ,73.84 ,36.47 ,908.2187 ,75.95
15:55:07.799 33.86 ,908.3187 ,73.84 ,36.47 ,908.2187 ,75.95
15:55:07.804 33.86 ,908.3187 ,73.84 ,36.47 ,908.2187 ,75.95
15:55:07.842 33.94 ,908.3365 ,74.75 ,36.47 ,908.2187 ,75.95
15:55:07.854 33.94 ,908.3365 ,74.75 ,36.54 ,908.1478 ,76.50
15:55:07.888 33.94 ,908.3365 ,74.75 ,36.54 ,908.1478 ,76.50
15:55:07.899 33.94 ,908.3365 ,74.75 ,36.54 ,908.1478 ,76.50
15:55:07.909 33.94 ,908.3365 ,74.75 ,36.54 ,908.1478 ,76.50
15:55:07.940 34.03 ,907.8513 ,75.19 ,36.54 ,908.1478 ,76.50
15:55:08.024 34.03 ,907.8513 ,75.19 ,36.60 ,907.6243 ,75.41
15:55:08.041 34.03 ,907.8513 ,74.07 ,36.60 ,907.6243 ,75.41
15:55:08.050 34.10 ,907.7443 ,74.07 ,36.63 ,907.4177 ,73.77
15:55:08.084 34.10 ,907.7443 ,74.07 ,36.63 ,907.4177 ,73.77
15:55:08.096 34.10 ,907.7443 ,74.07 ,36.63 ,907.4177 ,73.77
15:55:08.103 34.10 ,907.7443 ,74.07 ,36.63 ,907.4177 ,73.77
15:55:08.138 34.08 ,907.8008 ,72.89 ,36.63 ,907.4177 ,73.77
15:55:08.158 34.08 ,907.8008 ,72.89 ,36.63 ,907.4067 ,72.47
15:55:08.167 34.08 ,907.8008 ,72.89 ,36.57 ,907.4067 ,72.47
15:55:08.200 34.08 ,907.8008 ,72.89 ,36.57 ,907.4067 ,72.47
15:55:08.209 34.08 ,907.8008 ,72.89 ,36.57 ,907.4067 ,72.47
15:55:08.216 34.01 ,907.7921 ,71.68 ,36.57 ,907.4067 ,72.47
15:55:08.250 34.01 ,907.7921 ,71.68 ,36.57 ,907.4067 ,72.47
15:55:08.262 34.01 ,907.7921 ,71.68 ,36.44 ,907.4036 ,71.50
15:55:08.271 34.01 ,907.7921 ,71.68 ,36.44 ,907.4036 ,71.50
15:55:08.304 34.01 ,907.7921 ,71.68 ,36.44 ,907.4036 ,71.50
15:55:08.313 34.01 ,907.7921 ,71.68 ,36.44 ,907.4036 ,71.50
15:55:08.321 33.89 ,907.7064 ,70.39 ,36.44 ,907.4036 ,71.50
15:55:08.357 33.89 ,907.7064 ,70.39 ,36.30 ,907.2271 ,70.48
15:55:08.374 33.89 ,907.7064 ,70.39 ,36.30 ,907.2271 ,70.48
15:55:08.380 33.89 ,907.7064 ,70.39 ,36.30 ,907.2271 ,70.48
15:55:08.417 33.89 ,907.7064 ,70.39 ,36.30 ,907.2271 ,70.48
15:55:08.476 33.80 ,907.7438 ,69.19 ,36.30 ,907.2271 ,70.48
15:55:08.480 33.80 ,907.7438 ,69.19 ,36.19 ,907.4311 ,69.55
15:55:08.514 33.80 ,907.7438 ,69.19 ,36.19 ,907.4311 ,69.55
15:55:08.529 33.72 ,907.8801 ,68.13 ,36.19 ,907.4311 ,69.55
15:55:08.534 33.72 ,907.8801 ,68.13 ,36.10 ,907.7944 ,68.67
15:55:08.568 33.72 ,907.8801 ,68.13 ,36.10 ,907.7944 ,68.67
15:55:08.579 33.72 ,907.8801 ,68.13 ,36.10 ,907.7944 ,68.67
15:55:08.584 33.72 ,907.8801 ,68.13 ,36.10 ,907.7944 ,68.67
15:55:08.622 33.66 ,907.9020 ,67.14 ,36.10 ,907.7944 ,68.67
15:55:08.635 33.66 ,907.9020 ,67.14 ,36.10 ,907.7944 ,68.67
15:55:08.668 33.66 ,907.9020 ,67.14 ,36.02 ,907.5346 ,67.75
15:55:08.683 33.66 ,907.9020 ,67.14 ,36.02 ,907.5346 ,67.75
15:55:08.692 33.66 ,907.9020 ,67.14 ,36.02 ,907.5346 ,67.75
15:55:08.725 33.61 ,907.7788 ,66.36 ,36.02 ,907.5346 ,67.75
15:55:08.743 33.61 ,907.7788 ,66.36 ,36.02 ,907.5346 ,67.75
15:55:08.752 33.61 ,907.7788 ,66.36 ,35.98 ,907.4321 ,67.04
15:55:08.786 33.61 ,907.7788 ,66.36 ,35.98 ,907.4321 ,67.04
15:55:08.797 33.61 ,907.7788 ,66.36 ,35.98 ,907.4321 ,67.04
15:55:08.802 33.58 ,907.8860 ,65.73 ,35.98 ,907.4321 ,67.04
15:55:08.835 33.58 ,907.8860 ,65.73 ,35.98 ,907.4321 ,67.04
15:55:08.916 33.58 ,907.8860 ,65.73 ,35.94 ,907.8923 ,66.37
15:55:08.937 33.58 ,907.8860 ,64.97 ,35.94 ,907.8923 ,66.37
15:55:08.946 33.55 ,907.9688 ,64.97 ,35.94 ,907.8923 ,66.37
15:55:08.981 33.55 ,907.9688 ,64.97 ,35.90 ,908.0880 ,65.98
15:55:08.990 33.55 ,907.9688 ,64.97 ,35.90 ,908.0880 ,65.98
15:55:09.000 33.53 ,908.1066 ,64.68 ,35.90 ,908.0880 ,65.98
15:55:09.033 33.53 ,908.1066 ,64.68 ,35.90 ,908.0880 ,65.98
15:55:09.042 33.53 ,908.1066 ,64.68 ,35.89 ,908.1353 ,67.26
15:55:09.050 33.53 ,908.1066 ,64.68 ,35.89 ,908.1353 ,67.26
15:55:09.085 33.53 ,908.1066 ,64.68 ,35.89 ,908.1353 ,67.26
15:55:09.094 33.53 ,908.1066 ,64.68 ,35.89 ,908.1353 ,67.26
15:55:09.100 33.52 ,908.2406 ,65.78 ,35.89 ,908.1353 ,67.26
15:55:09.133 33.52 ,908.2406 ,65.78 ,35.89 ,908.1353 ,67.26
15:55:09.148 33.52 ,908.2406 ,65.78 ,35.93 ,908.1129 ,68.77
15:55:09.155 33.52 ,908.2406 ,65.78 ,35.93 ,908.1129 ,68.77
15:55:09.189 33.52 ,908.2406 ,65.78 ,35.93 ,908.1129 ,68.77
15:55:09.199 33.52 ,908.2660 ,67.13 ,35.93 ,908.1129 ,68.77
15:55:09.208 33.54 ,908.2660 ,67.13 ,35.93 ,908.1129 ,68.77
15:55:09.240 33.54 ,908.2660 ,67.13 ,35.93 ,908.1129 ,68.77
15:55:09.249 33.54 ,908.2660 ,67.13 ,36.01 ,908.0699 ,70.42
15:55:09.255 33.54 ,908.2660 ,67.13 ,36.01 ,908.0699 ,70.42
15:55:09.314 33.54 ,908.2660 ,67.13 ,36.01 ,908.0699 ,70.42
15:55:09.359 33.59 ,908.2442 ,68.41 ,36.01 ,908.0699 ,70.42
15:55:09.361 33.59 ,908.2442 ,68.41 ,36.12 ,908.0943 ,71.62
15:55:09.395 33.59 ,908.2442 ,68.41 ,36.12 ,908.0943 ,71.62
15:55:09.411 33.67 ,908.2511 ,69.69 ,36.12 ,908.0943 ,71.62
15:55:09.419 33.67 ,908.2511 ,69.69 ,36.12 ,908.0943 ,71.62
15:55:09.452 33.67 ,908.2511 ,69.69 ,36.23 ,908.1111 ,72.72
15:55:09.463 33.67 ,908.2511 ,69.69 ,36.23 ,908.1111 ,72.72
15:55:09.469 33.67 ,908.2511 ,69.69 ,36.23 ,908.1111 ,72.72
15:55:09.501 33.74 ,908.2952 ,70.75 ,36.23 ,908.1111 ,72.72
15:55:09.510 33.74 ,908.2952 ,70.75 ,36.23 ,908.1111 ,72.72
15:55:09.518 33.74 ,908.2952 ,70.75 ,36.23 ,908.1111 ,72.72
15:55:09.555 33.74 ,908.2952 ,70.75 ,36.32 ,908.1208 ,73.50
15:55:09.567 33.74 ,908.2952 ,70.75 ,36.32 ,908.1208 ,73.50
15:55:09.601 33.81 ,908.3745 ,71.69 ,36.32 ,908.1208 ,73.50
15:55:09.616 33.81 ,908.3745 ,71.69 ,36.32 ,908.1208 ,73.50
15:55:09.625 33.81 ,908.3745 ,71.69 ,36.32 ,908.1208 ,74.49
15:55:09.657 33.81 ,908.3745 ,71.69 ,36.41 ,908.1253 ,74.49
15:55:09.699 33.81 ,908.3745 ,71.69 ,36.41 ,908.1253 ,74.49
15:55:09.706 33.81 ,908.3745 ,71.69 ,36.41 ,908.1253 ,74.49
15:55:09.739 33.88 ,908.2695 ,72.63 ,36.41 ,908.1253 ,74.99
15:55:09.834 33.88 ,908.2695 ,72.63 ,36.48 ,908.1399 ,74.99
15:55:09.837 33.88 ,908.2695 ,72.63 ,36.54 ,908.1408 ,75.54
15:55:09.872 33.94 ,908.1930 ,73.38 ,36.54 ,908.1408 ,75.54
15:55:09.923 33.94 ,908.1930 ,73.38 ,36.54 ,908.1408 ,75.54
15:55:09.929 34.00 ,908.3217 ,74.13 ,36.60 ,908.1572 ,76.38
15:55:09.961 34.00 ,908.3217 ,74.13 ,36.60 ,908.1572 ,76.38
15:55:10.004 34.00 ,908.3217 ,74.13 ,36.60 ,908.1572 ,76.38
15:55:10.011 34.05 ,908.2448 ,74.86 ,36.60 ,908.1572 ,76.38
15:55:10.044 34.05 ,908.2448 ,74.86 ,36.66 ,908.1330 ,76.52
15:55:10.090 34.05 ,908.2448 ,74.86 ,36.66 ,908.1330 ,76.52
15:55:10.096 34.05 ,908.2448 ,74.86 ,36.66 ,908.1330 ,76.52
15:55:10.131 34.10 ,908.2263 ,75.30 ,36.66 ,908.1330 ,76.52
15:55:10.173 34.10 ,908.2263 ,75.30 ,36.71 ,908.1580 ,76.85
15:55:10.180 34.10 ,908.2263 ,75.79 ,36.71 ,908.1580 ,76.85
15:55:10.284 34.14 ,908.2891 ,75.79 ,36.71 ,908.1580 ,76.85
15:55:10.341 34.14 ,908.2891 ,75.79 ,36.71 ,908.1580 ,76.85
15:55:10.344 34.14 ,908.2891 ,76.30 ,36.77 ,908.1674 ,77.32
15:55:10.353 34.17 ,908.3214 ,76.30 ,36.82 ,908.1658 ,77.47
15:55:10.354 34.17 ,908.3214 ,76.30 ,36.82 ,908.1658 ,77.47
15:55:10.392 34.20 ,908.0989 ,76.62 ,36.82 ,908.1658 ,77.47
15:55:10.426 34.20 ,908.0989 ,76.62 ,36.82 ,908.1658 ,77.47
15:55:10.462 34.20 ,908.0989 ,76.62 ,36.86 ,908.1699 ,77.30
15:55:10.502 34.20 ,908.0989 ,76.62 ,36.86 ,908.1699 ,77.30
15:55:10.511 34.23 ,908.1155 ,76.66 ,36.86 ,908.1699 ,77.30
15:55:10.544 34.23 ,908.1155 ,76.66 ,36.89 ,908.1755 ,77.28
15:55:10.586 34.23 ,908.1155 ,76.66 ,36.89 ,908.1755 ,77.28
15:55:10.596 34.24 ,908.1724 ,76.92 ,36.89 ,908.1755 ,77.28
15:55:10.667 34.24 ,908.1724 ,76.92 ,36.89 ,908.1755 ,77.28
15:55:10.745 34.24 ,908.1724 ,76.92 ,36.91 ,908.1666 ,77.40
15:55:10.756 34.24 ,908.1724 ,77.09 ,36.93 ,908.1880 ,77.40
15:55:10.762 34.24 ,908.1138 ,77.09 ,36.93 ,908.1880 ,77.40
15:55:10.775 34.24 ,908.1528 ,77.22 ,36.93 ,908.1880 ,77.40
15:55:10.812 34.24 ,908.1528 ,77.22 ,36.93 ,908.1880 ,77.40
15:55:10.849 34.24 ,908.1528 ,77.22 ,36.93 ,908.1880 ,77.40
15:55:10.852 34.24 ,908.1722 ,77.18 ,36.95 ,908.1563 ,76.99
15:55:10.888 34.24 ,908.1722 ,77.18 ,36.95 ,908.1563 ,76.99
15:55:10.932 34.24 ,908.1722 ,77.18 ,36.95 ,908.1563 ,76.99
15:55:10.965 34.24 ,908.1722 ,77.18 ,36.96 ,908.2601 ,77.13
15:55:11.015 34.21 ,908.1025 ,77.30 ,36.96 ,908.2601 ,77.13
15:55:11.025 34.21 ,908.1025 ,77.30 ,36.96 ,908.2601 ,75.98
15:55:11.058 34.21 ,908.1025 ,77.30 ,36.96 ,907.5323 ,75.98
15:55:11.150 34.18 ,907.9852 ,76.43 ,36.96 ,907.5323 ,75.98
15:55:11.160 34.18 ,907.9852 ,76.43 ,36.96 ,907.7180 ,74.71
15:55:11.193 34.14 ,907.9861 ,75.55 ,36.92 ,907.7180 ,74.71
15:55:11.239 34.14 ,907.9861 ,75.55 ,36.92 ,907.7180 ,74.71
15:55:11.246 34.14 ,907.9861 ,75.55 ,36.82 ,908.0115 ,73.74
15:55:11.280 34.06 ,908.1049 ,74.55 ,36.82 ,908.0115 ,73.74
15:55:11.324 34.06 ,908.1049 ,74.55 ,36.82 ,908.0115 ,73.74
15:55:11.330 34.06 ,908.1049 ,74.55 ,36.67 ,907.7125 ,72.75
15:55:11.364 33.95 ,907.9504 ,73.47 ,36.67 ,907.7125 ,72.75
15:55:11.406 33.95 ,907.9504 ,73.47 ,36.67 ,907.7125 ,72.75
15:55:11.411 33.95 ,907.9504 ,73.47 ,36.67 ,907.7125 ,71.98
15:55:11.444 33.95 ,907.9504 ,73.47 ,36.54 ,907.9164 ,71.98
15:55:11.478 33.86 ,908.0549 ,72.48 ,36.54 ,907.9164 ,71.98
15:55:11.486 33.86 ,908.0549 ,72.48 ,36.54 ,907.9164 ,71.98
15:55:11.518 33.86 ,908.0549 ,72.48 ,36.54 ,907.9164 ,71.98
15:55:11.574 33.86 ,908.0549 ,72.48 ,36.43 ,908.1394 ,71.25
15:55:11.646 33.86 ,908.0549 ,71.78 ,36.43 ,908.1394 ,71.25
15:55:11.661 33.78 ,908.1364 ,71.77 ,36.43 ,908.1394 ,71.25
15:55:11.666 33.78 ,908.1364 ,71.15 ,36.35 ,908.1019 ,70.70
15:55:11.701 33.72 ,908.0980 ,71.15 ,36.35 ,908.1019 ,70.70
15:55:11.738 33.72 ,908.0980 ,71.15 ,36.35 ,908.1019 ,70.70
15:55:11.745 33.72 ,908.0980 ,70.61 ,36.29 ,908.2607 ,70.63
15:55:11.778 33.68 ,908.1962 ,70.61 ,36.29 ,908.2607 ,70.63
15:55:11.824 33.68 ,908.1962 ,70.61 ,36.29 ,908.2607 ,70.63
15:55:11.830 33.68 ,908.1962 ,70.64 ,36.26 ,908.1973 ,70.94
15:55:11.864 33.64 ,908.1426 ,70.64 ,36.26 ,908.1973 ,70.94
15:55:11.910 33.64 ,908.1426 ,70.64 ,36.26 ,908.1973 ,70.94
15:55:11.915 33.64 ,908.1426 ,70.64 ,36.27 ,908.1167 ,70.37
15:55:11.950 33.64 ,908.1000 ,70.27 ,36.27 ,908.1167 ,70.37
15:55:12.009 33.64 ,908.1000 ,70.27 ,36.27 ,908.1167 ,70.37
15:55:12.061 33.64 ,908.1000 ,70.27 ,36.27 ,907.9698 ,69.61
15:55:12.081 33.63 ,908.0907 ,69.50 ,36.27 ,907.9698 ,69.61
15:55:12.118 33.63 ,908.0907 ,69.50 ,36.27 ,907.9698 ,69.61
15:55:12.164 33.63 ,908.0907 ,69.50 ,36.26 ,908.2394 ,69.36
15:55:12.173 33.61 ,908.1984 ,68.99 ,36.26 ,908.2394 ,69.36
15:55:12.205 33.61 ,908.1984 ,68.99 ,36.26 ,908.2394 ,69.36
15:55:12.247 33.61 ,908.1984 ,68.99 ,36.26 ,908.2565 ,70.41
15:55:12.255 33.61 ,908.1984 ,69.46 ,36.23 ,908.2565 ,70.41
15:55:12.287 33.59 ,908.2690 ,69.46 ,36.23 ,908.2565 ,70.41
15:55:12.328 33.59 ,908.2690 ,69.46 ,36.23 ,908.2565 ,70.41
15:55:12.335 33.59 ,908.2690 ,69.46 ,36.25 ,908.2428 ,71.38
15:55:12.369 33.59 ,908.2654 ,70.43 ,36.25 ,908.2428 ,71.38
15:55:12.404 33.59 ,908.2654 ,70.43 ,36.25 ,908.2428 ,71.38
15:55:12.410 33.59 ,908.2654 ,70.43 ,36.31 ,908.2488 ,72.36
15:55:12.445 33.64 ,908.3002 ,71.41 ,36.31 ,908.2488 ,72.36
15:55:12.539 33.64 ,908.3002 ,71.41 ,36.31 ,908.2488 ,72.36
15:55:12.542 33.64 ,908.3002 ,72.47 ,36.40 ,908.1845 ,73.71
15:55:12.550 33.71 ,908.4644 ,72.47 ,36.40 ,908.1845 ,73.71
15:55:12.584 33.71 ,908.4644 ,72.47 ,36.40 ,908.1845 ,73.71
15:55:12.633 33.71 ,908.4644 ,72.47 ,36.40 ,908.1845 ,73.71
15:55:12.643 33.71 ,908.4644 ,72.47 ,36.40 ,908.1845 ,74.60
15:55:12.677 33.79 ,908.4889 ,73.46 ,36.49 ,908.2872 ,74.60
15:55:12.718 33.79 ,908.4889 ,73.46 ,36.49 ,908.2872 ,74.60
15:55:12.726 33.79 ,908.4889 ,73.46 ,36.49 ,908.2305 ,75.37
15:55:12.759 33.87 ,908.4022 ,74.35 ,36.58 ,908.2305 ,75.37
15:55:12.803 33.87 ,908.4022 ,74.35 ,36.58 ,908.2305 ,75.37
15:55:12.809 33.87 ,908.4022 ,74.35 ,36.67 ,908.3628 ,75.82
15:55:12.843 33.95 ,908.4465 ,75.20 ,36.67 ,908.3628 ,75.82
15:55:12.889 33.95 ,908.4465 ,75.20 ,36.67 ,908.3628 ,75.82
15:55:12.896 33.95 ,908.4465 ,75.20 ,36.67 ,908.3628 ,76.04
15:55:12.930 34.04 ,908.1755 ,75.77 ,36.75 ,908.2302 ,76.05
15:55:13.060 34.04 ,908.1755 ,75.77 ,36.75 ,908.2302 ,76.05
15:55:13.064 34.04 ,908.1755 ,75.77 ,36.81 ,907.4750 ,74.45
15:55:13.068 34.11 ,907.8862 ,75.12 ,36.81 ,907.4750 ,74.45
15:55:13.073 34.11 ,907.8862 ,75.12 ,36.81 ,907.4750 ,74.45
15:55:13.109 34.11 ,907.8862 ,75.12 ,36.81 ,907.4750 ,73.16
15:55:13.145 34.12 ,908.0550 ,74.19 ,36.82 ,907.8713 ,73.16
15:55:13.152 34.12 ,908.0550 ,74.19 ,36.82 ,907.8713 ,73.16
15:55:13.187 34.12 ,908.0550 ,74.19 ,36.82 ,907.8713 ,73.16
15:55:13.232 34.12 ,908.0550 ,74.19 ,36.82 ,907.8713 ,73.16
15:55:13.238 34.06 ,908.0695 ,72.91 ,36.70 ,907.9494 ,72.04
15:55:13.284 34.06 ,908.0695 ,72.91 ,36.70 ,907.9494 ,72.04
15:55:13.290 34.06 ,908.0695 ,72.91 ,36.70 ,907.9494 ,72.04
15:55:13.295 34.06 ,908.0695 ,72.91 ,36.55 ,907.8061 ,71.00
15:55:13.330 33.93 ,908.0458 ,71.72 ,36.55 ,907.8061 ,71.00
15:55:13.421 33.93 ,908.0458 ,71.72 ,36.55 ,907.8061 ,71.00
15:55:13.433 33.93 ,908.0458 ,71.72 ,36.55 ,907.8061 ,71.00
15:55:13.438 33.82 ,908.1090 ,70.80 ,36.42 ,907.8273 ,70.06
15:55:13.470 33.82 ,908.1090 ,70.80 ,36.42 ,907.8273 ,70.06
15:55:13.516 33.82 ,908.1090 ,70.80 ,36.42 ,907.8273 ,70.06
15:55:13.524 33.82 ,908.1090 ,70.80 ,36.42 ,908.0137 ,69.24
15:55:13.558 33.73 ,908.1424 ,69.95 ,36.30 ,908.0137 ,69.24
15:55:13.601 33.73 ,908.1424 ,69.95 ,36.30 ,908.0137 ,69.24
15:55:13.607 33.73 ,908.1424 ,69.95 ,36.22 ,908.3370 ,69.03
15:55:13.640 33.66 ,908.2952 ,69.36 ,36.22 ,908.3370 ,69.03
15:55:13.739 33.66 ,908.2952 ,69.36 ,36.22 ,908.3370 ,69.03
15:55:13.742 33.66 ,908.2952 ,69.36 ,36.17 ,908.3329 ,70.13
15:55:13.777 33.61 ,908.3649 ,69.82 ,36.17 ,908.3329 ,70.13
15:55:13.825 33.61 ,908.3649 ,69.82 ,36.17 ,908.3329 ,70.13
15:55:13.831 33.60 ,908.4214 ,70.65 ,36.20 ,908.3384 ,71.34
15:55:13.865 33.60 ,908.4214 ,70.65 ,36.20 ,908.3384 ,71.34
15:55:13.909 33.60 ,908.4214 ,70.65 ,36.20 ,908.3384 ,71.34
15:55:13.915 33.60 ,908.4214 ,70.65 ,36.27 ,908.2849 ,72.49
15:55:13.949 33.64 ,908.4612 ,71.68 ,36.27 ,908.2849 ,72.49
15:55:13.999 33.64 ,908.4612 ,71.68 ,36.27 ,908.2849 ,72.49
15:55:14.006 33.64 ,908.4612 ,71.68 ,36.36 ,908.2753 ,73.49
15:55:14.040 33.71 ,908.4697 ,72.62 ,36.36 ,908.2753 ,73.49
15:55:14.082 33.71 ,908.4697 ,72.62 ,36.36 ,908.2753 ,73.49
15:55:14.089 33.71 ,908.4977 ,73.49 ,36.45 ,908.2413 ,74.41
15:55:14.127 33.78 ,908.4977 ,73.49 ,36.45 ,908.2413 ,74.41
15:55:14.168 33.78 ,908.4977 ,73.49 ,36.45 ,908.2413 ,74.41
15:55:14.203 33.86 ,908.4587 ,74.31 ,36.45 ,908.2413 ,74.41
15:55:14.252 33.86 ,908.4587 ,74.31 ,36.55 ,908.2617 ,75.09
15:55:14.261 33.86 ,908.4587 ,74.31 ,36.55 ,908.2617 ,75.09
15:55:14.294 33.86 ,908.4587 ,74.97 ,36.55 ,908.2617 ,75.09
15:55:14.341 33.93 ,908.3613 ,74.98 ,36.63 ,908.3152 ,75.60
15:55:14.406 33.93 ,908.3613 ,74.98 ,36.63 ,908.3152 ,75.60
15:55:14.433 33.93 ,908.3613 ,74.98 ,36.63 ,908.3152 ,75.60
15:55:14.436 34.01 ,908.3488 ,75.54 ,36.71 ,908.3088 ,75.85
15:55:14.441 34.01 ,908.3488 ,75.54 ,36.71 ,908.3088 ,75.85
15:55:14.489 34.01 ,908.3488 ,75.54 ,36.71 ,908.3088 ,75.85
15:55:14.499 34.07 ,908.0947 ,75.25 ,36.71 ,908.3088 ,74.49
15:55:14.533 34.07 ,908.0947 ,75.25 ,36.78 ,907.8833 ,74.49
15:55:14.578 34.07 ,908.0947 ,75.25 ,36.78 ,907.8833 ,74.49
15:55:14.585 34.07 ,908.0947 ,75.25 ,36.78 ,907.8465 ,73.16
15:55:14.619 34.09 ,908.0720 ,74.23 ,36.78 ,907.8535 ,73.16
15:55:14.679 34.09 ,908.0720 ,74.23 ,36.78 ,907.8535 ,73.16
15:55:14.730 34.09 ,908.0720 ,74.23 ,36.78 ,907.8535 ,72.16
15:55:14.749 34.04 ,908.1083 ,72.98 ,36.68 ,907.8475 ,72.16
15:55:14.753 34.04 ,908.1083 ,72.98 ,36.68 ,907.8475 ,72.16
15:55:14.788 33.94 ,908.1434 ,72.21 ,36.68 ,907.8475 ,72.16
15:55:14.836 33.94 ,908.1434 ,72.21 ,36.54 ,907.9567 ,71.10
15:55:14.841 33.94 ,908.1434 ,72.21 ,36.54 ,907.9567 ,71.10
15:55:14.879 33.94 ,908.1434 ,72.21 ,36.54 ,907.9567 ,71.10
15:55:14.922 33.85 ,908.1558 ,71.42 ,36.54 ,907.9567 ,71.10
15:55:14.928 33.85 ,908.1558 ,71.42 ,36.40 ,908.1183 ,70.31
15:55:14.965 33.85 ,908.1558 ,71.42 ,36.40 ,908.1183 ,70.31
15:55:15.056 33.85 ,908.4144 ,70.84 ,36.40 ,908.1183 ,70.31
15:55:15.058 33.78 ,908.3171 ,70.84 ,36.30 ,908.3816 ,70.33
15:55:15.064 33.78 ,908.3171 ,71.10 ,36.30 ,908.3816 ,70.33
15:55:15.102 33.74 ,908.4366 ,71.10 ,36.24 ,908.3181 ,71.49
15:55:15.149 33.74 ,908.4366 ,71.10 ,36.24 ,908.3181 ,71.49
15:55:15.157 33.74 ,908.4366 ,71.10 ,36.24 ,908.3181 ,71.49
15:55:15.190 33.72 ,908.4911 ,71.98 ,36.24 ,908.3181 ,71.49
15:55:15.233 33.72 ,908.4911 ,71.98 ,36.26 ,908.2814 ,72.72
15:55:15.240 33.72 ,908.4911 ,71.98 ,36.26 ,908.2814 ,72.72
15:55:15.273 33.72 ,908.4911 ,72.86 ,36.26 ,908.2814 ,72.72
15:55:15.315 33.75 ,908.5450 ,72.87 ,36.26 ,908.2814 ,72.72
15:55:15.322 33.75 ,908.5450 ,72.87 ,36.35 ,908.2350 ,73.83
15:55:15.355 33.75 ,908.5450 ,72.87 ,36.35 ,908.2350 ,73.83
15:55:15.390 33.75 ,908.4914 ,73.79 ,36.35 ,908.2350 ,73.83
15:55:15.396 33.81 ,908.4914 ,73.79 ,36.46 ,908.2483 ,74.60
15:55:15.431 33.81 ,908.4914 ,73.79 ,36.46 ,908.2483 ,74.60
15:55:15.471 33.81 ,908.4914 ,73.79 ,36.46 ,908.2483 ,74.60
15:55:15.479 33.81 ,908.4914 ,73.79 ,36.56 ,908.2653 ,75.31
15:55:15.512 33.89 ,908.4433 ,74.66 ,36.56 ,908.2653 ,75.31
15:55:15.555 33.89 ,908.4433 ,74.66 ,36.56 ,908.2653 ,75.31
15:55:15.565 33.89 ,908.4433 ,74.66 ,36.56 ,908.2653 ,75.31
15:55:15.597 33.97 ,908.4294 ,75.32 ,36.66 ,908.2872 ,75.75
15:55:15.640 33.97 ,908.4294 ,75.32 ,36.66 ,908.2872 ,75.75
15:55:15.648 33.97 ,908.4294 ,75.32 ,36.66 ,908.2872 ,75.75
15:55:15.681 34.05 ,908.2413 ,75.83 ,36.66 ,908.2872 ,75.75
15:55:15.809 34.05 ,908.2413 ,75.83 ,36.75 ,908.1653 ,75.75
15:55:15.810 34.05 ,908.2413 ,75.36 ,36.80 ,907.8415 ,74.43
15:55:15.818 34.11 ,908.1006 ,75.36 ,36.80 ,907.8415 ,74.43
15:55:15.851 34.11 ,908.1006 ,75.36 ,36.80 ,907.8415 ,74.43
15:55:15.893 34.14 ,908.1279 ,74.36 ,36.80 ,907.8415 ,74.43
15:55:15.902 34.14 ,908.1279 ,74.36 ,36.80 ,907.8415 ,73.31
15:55:15.935 34.14 ,908.1279 ,74.36 ,36.79 ,907.9256 ,73.31
15:55:15.977 34.14 ,908.1279 ,74.36 ,36.79 ,907.9256 ,73.31
15:55:16.044 34.11 ,908.1680 ,73.37 ,36.79 ,908.0175 ,72.48
15:55:16.066 34.11 ,908.1680 ,73.37 ,36.69 ,908.0175 ,72.48
15:55:16.070 34.11 ,908.1680 ,73.37 ,36.69 ,908.0175 ,72.48
15:55:16.103 34.04 ,908.1950 ,72.26 ,36.56 ,908.0217 ,71.67
15:55:16.152 34.04 ,908.1950 ,72.26 ,36.56 ,908.0217 ,71.67
15:55:16.159 34.04 ,908.1950 ,72.26 ,36.56 ,908.0217 ,71.67
15:55:16.193 33.94 ,908.1594 ,71.26 ,36.45 ,908.0450 ,70.89
15:55:16.284 33.94 ,908.1594 ,71.26 ,36.45 ,908.0450 ,70.89
15:55:16.288 33.94 ,908.1594 ,71.26 ,36.36 ,908.1912 ,70.24
15:55:16.321 33.88 ,908.2216 ,70.32 ,36.36 ,908.1912 ,70.24
15:55:16.359 33.88 ,908.2216 ,70.32 ,36.36 ,908.1912 ,70.24
15:55:16.366 33.82 ,908.2595 ,69.74 ,36.36 ,908.1912 ,70.24
15:55:16.399 33.82 ,908.2595 ,69.74 ,36.29 ,908.3220 ,69.94
15:55:16.446 33.82 ,908.2595 ,69.74 ,36.29 ,908.3220 ,69.94
15:55:16.453 33.82 ,908.2595 ,69.74 ,36.29 ,908.3220 ,69.94
15:55:16.485 33.78 ,908.3046 ,69.54 ,36.29 ,908.3147 ,70.66
15:55:16.529 33.78 ,908.3046 ,69.54 ,36.25 ,908.3147 ,70.66
15:55:16.535 33.78 ,908.3046 ,69.54 ,36.25 ,908.3147 ,70.66
15:55:16.567 33.75 ,908.3591 ,69.93 ,36.25 ,908.3147 ,70.66
15:55:16.614 33.75 ,908.3591 ,69.93 ,36.27 ,908.3129 ,71.69
15:55:16.620 33.75 ,908.3591 ,69.93 ,36.27 ,908.3129 ,71.69
15:55:16.654 33.75 ,908.3448 ,70.67 ,36.27 ,908.3129 ,71.69
15:55:16.698 33.75 ,908.3448 ,70.67 ,36.27 ,908.3129 ,71.69
15:55:16.705 33.75 ,908.3448 ,70.67 ,36.33 ,908.3049 ,72.48
15:55:16.738 33.75 ,908.3448 ,70.67 ,36.33 ,908.3049 ,72.48
15:55:16.782 33.77 ,908.4250 ,71.64 ,36.33 ,908.3049 ,72.48
15:55:16.788 33.77 ,908.4250 ,71.64 ,36.42 ,908.3145 ,73.47
15:55:16.820 33.77 ,908.4250 ,71.64 ,36.42 ,908.3145 ,73.47
15:55:16.866 33.77 ,908.4250 ,72.73 ,36.42 ,908.3145 ,73.47
15:55:16.873 33.82 ,908.5305 ,72.73 ,36.52 ,908.3017 ,74.28
15:55:16.906 33.82 ,908.5305 ,72.73 ,36.52 ,908.3017 ,74.28
15:55:16.956 33.82 ,908.5305 ,72.73 ,36.52 ,908.3017 ,74.28
15:55:16.963 33.89 ,908.4291 ,73.71 ,36.52 ,908.3017 ,75.01
15:55:16.998 33.89 ,908.4291 ,73.71 ,36.60 ,908.3061 ,75.03
15:55:17.043 33.89 ,908.4291 ,73.71 ,36.60 ,908.3061 ,75.03
15:55:17.048 33.89 ,908.4291 ,74.47 ,36.60 ,908.3061 ,75.03
15:55:17.082 33.98 ,908.4612 ,74.47 ,36.60 ,908.3061 ,75.34
15:55:17.137 33
15:55:17.147 Disconnected
