16:02:07.727 Connecting to WIFLEN ...
16:02:09.383 Connected
16:02:09.442 908.3392 ,73.41
16:02:09.448 35.22 ,908.2195 ,68.01 ,38.73 ,908.3392 ,73.41
16:02:09.460 35.22 ,908.2195 ,68.01 ,38.73 ,908.3392 ,73.41
16:02:09.490 35.24 ,908.1825 ,69.19 ,38.76 ,908.4149 ,73.93
16:02:09.527 35.24 ,908.1825 ,69.19 ,38.76 ,908.4149 ,73.93
16:02:09.531 35.24 ,908.1825 ,69.19 ,38.76 ,908.4149 ,73.93
16:02:09.566 35.24 ,908.1825 ,69.19 ,38.76 ,908.4149 ,73.93
16:02:09.611 35.31 ,908.2067 ,70.31 ,38.79 ,908.4062 ,74.34
16:02:09.646 35.31 ,908.2067 ,70.31 ,38.79 ,908.4062 ,74.34
16:02:09.692 35.31 ,908.2067 ,70.31 ,38.79 ,908.4062 ,74.34
16:02:09.748 35.38 ,908.2291 ,71.22 ,38.79 ,908.3412 ,74.67
16:02:09.797 35.38 ,908.2291 ,71.22 ,38.80 ,908.3412 ,74.67
16:02:09.800 35.38 ,908.2291 ,71.99 ,38.80 ,908.3237 ,74.90
16:02:09.831 35.45 ,908.2266 ,71.99 ,38.80 ,908.3237 ,74.90
16:02:09.856 35.45 ,908.2266 ,71.99 ,38.80 ,908.3237 ,74.90
16:02:09.866 35.45 ,908.2266 ,71.99 ,38.80 ,908.3237 ,75.13
16:02:09.899 35.50 ,908.2346 ,72.57 ,38.80 ,908.2639 ,75.13
16:02:09.943 35.50 ,908.2346 ,72.57 ,38.80 ,908.2639 ,75.13
16:02:09.950 35.50 ,908.2346 ,72.57 ,38.80 ,908.2639 ,75.13
16:02:09.983 35.54 ,908.2440 ,72.87 ,38.81 ,908.2375 ,75.21
16:02:10.031 35.54 ,908.2440 ,72.87 ,38.81 ,908.2375 ,75.21
16:02:10.036 35.54 ,908.2440 ,72.87 ,38.81 ,908.2375 ,75.21
16:02:10.070 35.57 ,908.2019 ,72.07 ,38.81 ,908.2375 ,75.21
16:02:10.114 35.57 ,908.2019 ,72.07 ,38.82 ,908.1811 ,74.77
16:02:10.122 35.57 ,908.2019 ,72.07 ,38.82 ,908.1811 ,74.77
16:02:10.157 35.57 ,908.2019 ,70.81 ,38.82 ,908.1811 ,74.77
16:02:10.193 35.54 ,908.2014 ,70.82 ,38.82 ,908.1758 ,73.86
16:02:10.199 35.54 ,908.2014 ,70.82 ,38.83 ,908.1833 ,73.86
16:02:10.236 35.54 ,908.2014 ,70.82 ,38.83 ,908.1833 ,73.86
16:02:10.366 35.54 ,908.2014 ,70.82 ,38.83 ,908.1833 ,73.86
16:02:10.369 35.48 ,908.2203 ,68.23 ,38.74 ,908.1636 ,72.35
16:02:10.408 35.40 ,908.2203 ,68.23 ,38.74 ,908.1636 ,72.35
16:02:10.492 35.40 ,908.2203 ,68.23 ,38.74 ,908.1636 ,72.35
16:02:10.494 35.33 ,908.1697 ,66.96 ,38.67 ,908.1512 ,71.50
16:02:10.504 35.33 ,908.1697 ,66.96 ,38.67 ,908.1512 ,71.50
16:02:10.536 35.33 ,908.1697 ,66.96 ,38.67 ,908.1512 ,71.50
16:02:10.584 35.25 ,908.1864 ,65.42 ,38.67 ,908.1512 ,71.50
16:02:10.589 35.25 ,908.1864 ,65.42 ,38.60 ,908.2353 ,70.44
16:02:10.623 35.25 ,908.1864 ,65.42 ,38.60 ,908.2353 ,70.44
16:02:10.664 35.25 ,908.1864 ,65.42 ,38.60 ,908.2353 ,70.44
16:02:10.671 35.19 ,908.2332 ,64.94 ,38.55 ,908.3005 ,71.01
16:02:10.704 35.19 ,908.2332 ,64.94 ,38.55 ,908.3005 ,71.01
16:02:10.748 35.19 ,908.2332 ,64.94 ,38.55 ,908.3005 ,71.01
16:02:10.753 35.19 ,908.2332 ,64.94 ,38.55 ,908.2529 ,71.98
16:02:10.787 35.15 ,908.2363 ,66.50 ,38.51 ,908.2529 ,71.98
16:02:10.836 35.15 ,908.2363 ,66.50 ,38.51 ,908.2529 ,71.98
16:02:10.842 35.15 ,908.2363 ,66.50 ,38.51 ,908.2529 ,71.98
16:02:10.876 35.17 ,908.2737 ,68.13 ,38.53 ,908.2247 ,72.75
16:02:10.918 35.17 ,908.2737 ,68.13 ,38.53 ,908.2247 ,72.75
16:02:10.924 35.17 ,908.2737 ,68.13 ,38.53 ,908.2247 ,72.75
16:02:10.958 35.23 ,908.2250 ,69.67 ,38.53 ,908.2247 ,72.75
16:02:11.005 35.23 ,908.2250 ,69.67 ,38.55 ,908.1774 ,73.41
16:02:11.011 35.23 ,908.2250 ,69.67 ,38.55 ,908.1774 ,73.41
16:02:11.043 35.33 ,908.2229 ,71.01 ,38.55 ,908.1774 ,73.41
16:02:11.158 35.33 ,908.2229 ,71.01 ,38.55 ,908.1774 ,73.41
16:02:11.162 35.33 ,908.2229 ,72.06 ,38.58 ,908.2056 ,73.98
16:02:11.171 35.40 ,908.1990 ,72.06 ,38.60 ,908.2547 ,74.40
16:02:11.205 35.40 ,908.1990 ,72.06 ,38.60 ,908.2547 ,74.40
16:02:11.238 35.40 ,908.1990 ,72.06 ,38.60 ,908.2547 ,74.40
16:02:11.247 35.47 ,908.2004 ,72.76 ,38.60 ,908.2547 ,74.40
16:02:11.280 35.47 ,908.2004 ,72.76 ,38.62 ,908.2197 ,74.65
16:02:11.322 35.47 ,908.2004 ,72.76 ,38.62 ,908.2197 ,74.65
16:02:11.330 35.47 ,908.2004 ,72.76 ,38.62 ,908.2197 ,74.65
16:02:11.362 35.51 ,908.1742 ,72.15 ,38.62 ,908.2197 ,74.65
16:02:11.406 35.51 ,908.1742 ,72.15 ,38.64 ,908.1266 ,73.77
16:02:11.409 35.51 ,908.1742 ,72.15 ,38.64 ,908.1266 ,73.77
16:02:11.443 35.52 ,908.1370 ,70.08 ,38.64 ,908.1266 ,73.77
16:02:11.488 35.52 ,908.1370 ,70.08 ,38.64 ,908.1266 ,73.77
16:02:11.495 35.52 ,908.1370 ,70.08 ,38.65 ,907.9805 ,71.73
16:02:11.527 35.52 ,908.1370 ,67.65 ,38.65 ,907.9805 ,71.73
16:02:11.571 35.46 ,908.1344 ,67.66 ,38.65 ,907.9805 ,71.73
16:02:11.577 35.46 ,908.1344 ,67.66 ,38.58 ,908.1440 ,70.33
16:02:11.611 35.46 ,908.1344 ,67.66 ,38.58 ,908.1440 ,70.33
16:02:11.728 35.35 ,908.1060 ,65.77 ,38.58 ,908.1440 ,70.33
16:02:11.778 35.35 ,908.1060 ,65.77 ,38.46 ,908.0154 ,69.22
16:02:11.798 35.22 ,908.2231 ,64.28 ,38.34 ,908.2784 ,69.06
16:02:11.802 35.22 ,908.2231 ,64.28 ,38.34 ,908.2784 ,69.06
16:02:11.839 35.13 ,908.2288 ,65.24 ,38.34 ,908.2784 ,69.06
16:02:11.882 35.13 ,908.2288 ,65.24 ,38.34 ,908.2784 ,69.06
16:02:11.887 35.13 ,908.2288 ,65.24 ,38.25 ,908.1870 ,70.51
16:02:11.922 35.09 ,908.1875 ,66.96 ,38.25 ,908.1870 ,70.51
16:02:11.970 35.09 ,908.1875 ,66.96 ,38.25 ,908.1870 ,70.51
16:02:11.975 35.09 ,908.1875 ,66.96 ,38.24 ,908.2905 ,71.74
16:02:12.011 35.09 ,908.1875 ,66.96 ,38.24 ,908.2905 ,71.74
16:02:12.053 35.13 ,908.1649 ,nan ,38.24 ,908.2905 ,71.74
16:02:12.058 35.13 ,908.1649 ,nan ,38.26 ,908.1958 ,72.33
16:02:12.093 35.13 ,908.1649 ,nan ,38.26 ,908.1958 ,72.33
16:02:12.132 35.13 ,908.1649 ,nan ,38.26 ,908.1958 ,72.33
16:02:12.137 35.20 ,908.0631 ,68.24 ,38.26 ,908.1958 ,72.33
16:02:12.173 35.20 ,908.0631 ,68.24 ,38.32 ,908.0958 ,71.20
16:02:12.207 35.20 ,908.0631 ,68.24 ,38.32 ,908.0958 ,71.20
16:02:12.212 35.20 ,908.0631 ,66.74 ,38.32 ,908.0958 ,71.20
16:02:12.247 35.24 ,908.0884 ,66.74 ,38.32 ,908.0958 ,71.20
16:02:12.289 35.24 ,908.0884 ,66.74 ,38.33 ,908.0712 ,70.39
16:02:12.294 35.24 ,908.0884 ,64.77 ,38.33 ,908.0712 ,70.39
16:02:12.331 35.20 ,907.7189 ,64.77 ,38.33 ,908.0712 ,70.39
16:02:12.375 35.20 ,907.7189 ,64.77 ,38.33 ,908.0712 ,70.39
16:02:12.380 35.20 ,907.7189 ,64.77 ,38.27 ,907.9866 ,69.31
16:02:12.416 35.12 ,908.1381 ,63.11 ,38.27 ,907.9866 ,69.31
16:02:12.480 35.12 ,908.1381 ,63.11 ,38.27 ,907.9866 ,69.31
16:02:12.529 35.12 ,908.1381 ,63.11 ,38.19 ,908.2325 ,69.77
16:02:12.548 35.02 ,908.1898 ,64.54 ,38.19 ,908.2325 ,69.77
16:02:12.585 35.02 ,908.1898 ,64.54 ,38.13 ,908.2076 ,70.95
16:02:12.631 35.02 ,908.1898 ,64.54 ,38.13 ,908.2076 ,70.95
16:02:12.640 34.99 ,908.1522 ,66.10 ,38.13 ,908.2076 ,70.95
16:02:12.672 34.99 ,908.1522 ,66.10 ,38.13 ,908.1128 ,71.91
16:02:12.718 34.99 ,908.1522 ,66.10 ,38.13 ,908.1128 ,71.91
16:02:12.726 34.99 ,908.1522 ,67.65 ,38.13 ,908.1128 ,71.91
16:02:12.759 35.03 ,908.1029 ,67.65 ,38.18 ,908.1515 ,72.69
16:02:12.803 35.03 ,908.1029 ,67.65 ,38.18 ,908.1515 ,72.69
16:02:12.810 35.03 ,908.1029 ,68.90 ,38.18 ,908.1515 ,72.69
16:02:12.845 35.09 ,908.1094 ,68.90 ,38.18 ,908.1515 ,72.69
16:02:12.939 35.09 ,908.1094 ,68.90 ,38.23 ,908.1183 ,73.08
16:02:12.941 35.09 ,907.9009 ,68.26 ,38.23 ,908.1183 ,73.08
16:02:12.951 35.16 ,907.9009 ,68.26 ,38.27 ,908.0903 ,72.20
16:02:12.983 35.16 ,907.9009 ,68.26 ,38.27 ,908.0903 ,72.20
16:02:12.998 35.16 ,907.9009 ,66.79 ,38.27 ,908.0903 ,72.20
16:02:13.044 35.18 ,908.1017 ,66.79 ,38.27 ,908.0903 ,72.20
16:02:13.061 35.18 ,908.1017 ,66.79 ,38.27 ,908.0903 ,72.20
16:02:13.064 35.18 ,908.1017 ,66.79 ,38.27 ,907.9338 ,71.35
16:02:13.079 35.12 ,907.8417 ,64.69 ,38.27 ,907.9338 ,71.35
16:02:13.117 35.12 ,907.8417 ,64.69 ,38.27 ,907.9338 ,71.35
16:02:13.137 35.12 ,907.8417 ,64.69 ,38.27 ,907.9338 ,71.35
16:02:13.145 35.12 ,907.8417 ,64.69 ,38.27 ,908.0270 ,70.30
16:02:13.177 35.12 ,907.8417 ,64.69 ,38.23 ,908.0270 ,70.30
16:02:13.188 35.12 ,907.8417 ,62.50 ,38.23 ,908.0270 ,70.30
16:02:13.195 35.03 ,907.8708 ,62.49 ,38.23 ,908.0270 ,70.30
16:02:13.228 35.03 ,907.8708 ,62.49 ,38.23 ,908.0270 ,70.30
16:02:13.241 35.03 ,907.8708 ,62.49 ,38.23 ,908.0270 ,70.30
16:02:13.247 35.03 ,907.8708 ,62.49 ,38.14 ,908.1303 ,69.60
16:02:13.280 35.03 ,907.8708 ,62.49 ,38.14 ,908.1303 ,69.60
16:02:13.292 34.93 ,908.1509 ,62.00 ,38.14 ,908.1303 ,69.60
16:02:13.298 34.93 ,908.1509 ,62.00 ,38.14 ,908.1303 ,69.60
16:02:13.331 34.93 ,908.1509 ,62.00 ,38.14 ,908.1303 ,69.60
16:02:13.340 34.93 ,908.1509 ,62.00 ,38.14 ,908.1303 ,69.60
16:02:13.347 34.93 ,908.1509 ,62.00 ,38.05 ,908.1317 ,70.65
16:02:13.384 34.93 ,908.1509 ,62.00 ,38.05 ,908.1317 ,70.65
16:02:13.406 34.85 ,908.1016 ,63.63 ,38.05 ,908.1317 ,70.65
16:02:13.441 34.85 ,908.1016 ,63.63 ,38.05 ,908.1317 ,70.65
16:02:13.449 34.85 ,908.1016 ,63.63 ,38.02 ,908.0282 ,71.73
16:02:13.458 34.85 ,908.1016 ,63.63 ,38.02 ,908.0282 ,71.73
16:02:13.491 34.85 ,908.1266 ,65.44 ,38.02 ,908.0282 ,71.73
16:02:13.501 34.86 ,908.1266 ,65.44 ,38.02 ,908.0282 ,71.73
16:02:13.508 34.86 ,908.1266 ,65.44 ,38.02 ,908.0282 ,71.73
16:02:13.541 34.86 ,908.1266 ,65.44 ,38.02 ,908.0282 ,71.73
16:02:13.555 34.86 ,908.1266 ,65.44 ,38.05 ,908.0333 ,72.57
16:02:13.561 34.86 ,908.1266 ,65.44 ,38.05 ,908.0333 ,72.57
16:02:13.593 34.92 ,908.1080 ,67.11 ,38.05 ,908.0333 ,72.57
16:02:13.605 34.92 ,908.1080 ,67.11 ,38.05 ,908.0333 ,72.57
16:02:13.610 34.92 ,908.1080 ,67.11 ,38.05 ,908.0333 ,72.57
16:02:13.646 34.92 ,908.1080 ,67.11 ,38.05 ,908.0333 ,72.57
16:02:13.654 34.92 ,908.1080 ,67.11 ,38.10 ,908.0776 ,73.22
16:02:13.661 34.92 ,908.1080 ,67.11 ,38.10 ,908.0776 ,73.22
16:02:13.697 35.00 ,908.0475 ,68.40 ,38.10 ,908.0776 ,73.22
16:02:13.708 35.00 ,908.0475 ,68.40 ,38.10 ,908.0776 ,73.22
16:02:13.741 35.00 ,908.0475 ,68.40 ,38.10 ,908.0776 ,73.22
16:02:13.802 35.00 ,908.0475 ,68.40 ,38.16 ,907.8792 ,72.23
16:02:13.821 35.00 ,908.0475 ,68.40 ,38.16 ,907.8792 ,72.23
16:02:13.853 35.06 ,907.7042 ,66.37 ,38.16 ,907.8247 ,70.79
16:02:13.872 35.06 ,907.7042 ,66.37 ,38.16 ,907.8247 ,70.79
16:02:13.880 35.04 ,907.6987 ,63.99 ,38.16 ,907.8247 ,70.79
16:02:13.913 35.04 ,907.6987 ,63.99 ,38.16 ,907.8247 ,70.79
16:02:13.922 35.04 ,907.6987 ,63.99 ,38.16 ,907.8247 ,70.79
16:02:13.929 35.04 ,907.6987 ,63.99 ,38.16 ,907.8247 ,70.79
16:02:13.963 35.04 ,907.6987 ,63.99 ,38.08 ,907.8666 ,69.99
16:02:13.972 35.04 ,907.5584 ,61.85 ,38.08 ,907.8666 ,69.99
16:02:13.977 34.93 ,907.5584 ,61.85 ,38.08 ,907.8666 ,69.99
16:02:14.013 34.93 ,907.5584 ,61.85 ,38.08 ,907.8666 ,69.99
16:02:14.022 34.93 ,907.5584 ,61.85 ,38.08 ,907.8666 ,69.99
16:02:14.028 34.93 ,907.5584 ,61.85 ,38.08 ,907.8666 ,69.84
16:02:14.065 34.93 ,907.5584 ,61.85 ,37.97 ,908.1369 ,69.84
16:02:14.080 34.81 ,908.2250 ,62.30 ,37.97 ,908.1369 ,69.84
16:02:14.113 34.81 ,908.2250 ,62.30 ,37.97 ,908.1369 ,69.84
16:02:14.122 34.81 ,908.2250 ,62.30 ,37.97 ,908.1369 ,69.84
16:02:14.131 34.81 ,908.2250 ,62.30 ,37.97 ,908.1369 ,69.84
16:02:14.163 34.81 ,908.2250 ,62.30 ,37.87 ,908.0256 ,71.10
16:02:14.223 34.73 ,908.1688 ,64.42 ,37.87 ,908.0256 ,71.10
16:02:14.231 34.73 ,908.1688 ,64.42 ,37.87 ,908.0256 ,71.10
16:02:14.264 34.73 ,908.1688 ,64.42 ,37.87 ,907.8095 ,72.74
16:02:14.276 34.74 ,908.1884 ,66.29 ,37.87 ,907.8095 ,72.74
16:02:14.282 34.74 ,908.1884 ,66.29 ,37.87 ,907.8095 ,72.74
16:02:14.316 34.74 ,908.1884 ,66.29 ,37.87 ,907.8095 ,72.74
16:02:14.342 34.74 ,908.1884 ,66.29 ,37.87 ,907.8095 ,72.74
16:02:14.377 34.74 ,908.1884 ,66.29 ,37.90 ,907.9238 ,73.39
16:02:14.430 34.80 ,908.2001 ,67.91 ,37.90 ,907.9238 ,73.39
16:02:14.432 34.80 ,908.2001 ,67.91 ,37.90 ,907.9238 ,73.39
16:02:14.441 34.80 ,908.2001 ,67.91 ,37.90 ,907.9238 ,73.65
16:02:14.475 34.87 ,907.9989 ,68.97 ,37.96 ,908.0578 ,73.65
16:02:14.483 34.87 ,907.9989 ,68.97 ,37.96 ,908.0578 ,73.65
16:02:14.491 34.87 ,907.9989 ,68.97 ,37.96 ,908.0578 ,73.65
16:02:14.523 34.87 ,907.9989 ,68.97 ,37.96 ,908.0578 ,73.65
16:02:14.532 34.87 ,907.9989 ,68.97 ,37.96 ,908.0578 ,73.65
16:02:14.540 34.87 ,907.9989 ,68.97 ,38.00 ,907.9455 ,72.77
16:02:14.575 34.93 ,907.6791 ,68.02 ,38.00 ,907.9455 ,72.77
16:02:14.588 34.93 ,907.6791 ,68.02 ,38.00 ,907.9455 ,72.77
16:02:14.622 34.93 ,907.6791 ,68.02 ,38.00 ,907.9455 ,72.77
16:02:14.634 34.93 ,907.6791 ,68.02 ,38.00 ,907.9455 ,72.77
16:02:14.644 34.93 ,907.6791 ,68.02 ,38.02 ,907.9175 ,71.45
16:02:14.676 34.92 ,907.6716 ,66.98 ,38.02 ,907.9175 ,71.45
16:02:14.684 34.92 ,907.6716 ,66.98 ,38.02 ,907.9175 ,71.45
16:02:14.691 34.92 ,907.6716 ,66.98 ,38.02 ,907.9175 ,71.45
16:02:14.727 34.92 ,907.6716 ,66.98 ,38.02 ,907.9175 ,71.45
16:02:14.743 34.92 ,907.6716 ,66.98 ,38.02 ,907.9175 ,70.79
16:02:14.749 34.92 ,907.7255 ,65.54 ,37.96 ,907.9630 ,70.80
16:02:14.785 34.84 ,907.7255 ,65.54 ,37.96 ,907.9630 ,70.80
16:02:14.796 34.84 ,907.7255 ,65.54 ,37.96 ,907.9630 ,70.80
16:02:14.801 34.84 ,907.7255 ,65.54 ,37.96 ,907.9630 ,70.80
16:02:14.837 34.84 ,907.7255 ,65.54 ,37.96 ,907.9630 ,70.80
16:02:14.846 34.84 ,907.7255 ,65.54 ,37.86 ,908.1099 ,70.13
16:02:14.851 34.74 ,908.1122 ,64.80 ,37.86 ,908.1099 ,70.13
16:02:14.889 34.74 ,908.1122 ,64.80 ,37.86 ,908.1099 ,70.13
16:02:14.903 34.74 ,908.1122 ,64.80 ,37.86 ,908.1099 ,70.13
16:02:14.938 34.74 ,908.1122 ,64.80 ,37.86 ,908.1099 ,70.13
16:02:14.947 34.74 ,908.1122 ,64.80 ,37.79 ,908.0531 ,71.29
16:02:14.956 34.65 ,908.2720 ,66.35 ,37.79 ,908.0531 ,71.29
16:02:14.987 34.65 ,908.2720 ,66.35 ,37.79 ,908.0531 ,71.29
16:02:14.999 34.65 ,908.2720 ,66.35 ,37.79 ,908.0531 ,71.29
16:02:15.006 34.65 ,908.2720 ,66.35 ,37.79 ,908.0531 ,71.29
16:02:15.038 34.65 ,908.2720 ,66.35 ,37.79 ,908.0531 ,71.29
16:02:15.048 34.65 ,908.2720 ,68.35 ,37.78 ,907.9496 ,72.80
16:02:15.055 34.63 ,908.4367 ,68.35 ,37.78 ,907.9496 ,72.80
16:02:15.096 34.63 ,908.4367 ,68.35 ,37.78 ,907.9496 ,72.80
16:02:15.116 34.63 ,908.4367 ,68.35 ,37.78 ,907.9496 ,72.80
16:02:15.168 34.63 ,908.4367 ,68.35 ,37.78 ,907.9496 ,72.80
16:02:15.177 34.68 ,908.1574 ,69.85 ,37.81 ,908.0393 ,73.37
16:02:15.208 34.68 ,908.1574 ,69.85 ,37.81 ,908.0393 ,73.37
16:02:15.219 34.68 ,908.1574 ,69.85 ,37.81 ,908.0393 ,73.37
16:02:15.228 34.68 ,908.1574 ,69.85 ,37.81 ,907.9533 ,73.81
16:02:15.261 34.76 ,908.1887 ,71.08 ,37.86 ,908.0165 ,73.81
16:02:15.271 34.76 ,908.1887 ,71.08 ,37.86 ,908.0165 ,73.81
16:02:15.279 34.76 ,908.1887 ,71.08 ,37.86 ,908.0165 ,73.81
16:02:15.311 34.76 ,908.1887 ,71.08 ,37.86 ,908.0165 ,73.81
16:02:15.320 34.76 ,908.1887 ,71.08 ,37.86 ,908.0165 ,73.81
16:02:15.324 34.76 ,908.1887 ,71.08 ,37.91 ,907.8676 ,73.49
16:02:15.361 34.83 ,907.7166 ,70.96 ,37.91 ,907.8676 ,73.49
16:02:15.369 34.83 ,907.7166 ,70.96 ,37.91 ,907.8676 ,73.49
16:02:15.376 34.83 ,907.7166 ,70.96 ,37.91 ,907.8676 ,73.49
16:02:15.414 34.83 ,907.7166 ,70.96 ,37.91 ,907.8676 ,73.49
16:02:15.471 34.83 ,907.7166 ,70.96 ,37.91 ,907.8676 ,73.49
16:02:15.477 34.86 ,907.8144 ,69.56 ,37.94 ,907.9593 ,72.00
16:02:15.513 34.86 ,907.8144 ,69.56 ,37.94 ,907.9593 ,72.00
16:02:15.529 34.86 ,907.8144 ,69.56 ,37.94 ,907.9593 ,72.00
16:02:15.561 34.82 ,907.6540 ,67.48 ,37.89 ,907.9570 ,71.08
16:02:15.574 34.82 ,907.6540 ,67.48 ,37.89 ,907.9570 ,71.08
16:02:15.583 34.82 ,907.6540 ,67.48 ,37.89 ,907.9570 ,71.08
16:02:15.616 34.82 ,907.6540 ,67.48 ,37.89 ,907.9570 ,71.08
16:02:15.636 34.82 ,907.6540 ,67.48 ,37.89 ,907.9570 ,71.08
16:02:15.642 34.71 ,907.7605 ,65.18 ,37.80 ,908.0112 ,70.11
16:02:15.675 34.71 ,907.7605 ,65.18 ,37.80 ,908.0112 ,70.11
16:02:15.719 34.71 ,907.7605 ,65.18 ,37.80 ,908.0112 ,70.11
16:02:15.764 34.71 ,907.7605 ,65.18 ,37.80 ,908.0880 ,70.73
16:02:15.769 34.58 ,908.1893 ,66.00 ,37.72 ,908.0880 ,70.73
16:02:15.787 34.58 ,908.1893 ,66.00 ,37.72 ,908.0880 ,70.73
16:02:15.796 34.58 ,908.1893 ,66.00 ,37.72 ,908.0880 ,70.73
16:02:15.830 34.58 ,908.1893 ,66.00 ,37.72 ,908.0880 ,70.73
16:02:15.842 34.51 ,908.1650 ,67.92 ,37.68 ,908.0229 ,71.83
16:02:15.850 34.51 ,908.1650 ,67.92 ,37.68 ,908.0229 ,71.83
16:02:15.882 34.51 ,908.1650 ,67.92 ,37.68 ,908.0229 ,71.83
16:02:15.897 34.51 ,908.1650 ,67.92 ,37.68 ,908.0229 ,71.83
16:02:15.905 34.51 ,908.1650 ,67.92 ,37.68 ,908.0229 ,71.83
16:02:15.938 34.51 ,908.1650 ,69.51 ,37.68 ,908.0229 ,72.83
16:02:15.958 34.53 ,908.0909 ,69.50 ,37.71 ,908.3444 ,72.83
16:02:15.966 34.53 ,908.0909 ,69.50 ,37.71 ,908.3444 ,72.83
16:02:15.999 34.53 ,908.0909 ,69.50 ,37.71 ,908.3444 ,72.83
16:02:16.011 34.53 ,908.0909 ,69.50 ,37.71 ,908.3444 ,72.83
16:02:16.017 34.53 ,908.0909 ,69.50 ,37.71 ,908.3444 ,72.83
16:02:16.050 34.60 ,907.9342 ,70.67 ,37.78 ,908.0356 ,73.29
16:02:16.092 34.60 ,907.9342 ,70.67 ,37.78 ,908.0356 ,73.29
16:02:16.097 34.60 ,907.9342 ,70.67 ,37.78 ,908.0356 ,73.29
16:02:16.131 34.60 ,907.9342 ,70.67 ,37.78 ,908.0356 ,73.29
16:02:16.173 34.68 ,907.9037 ,71.12 ,37.85 ,907.9394 ,73.42
16:02:16.180 34.68 ,907.9037 ,71.12 ,37.85 ,907.9394 ,73.42
16:02:16.213 34.68 ,907.9037 ,71.12 ,37.85 ,907.9394 ,73.42
16:02:16.260 34.68 ,907.9037 ,70.06 ,37.85 ,907.9394 ,73.42
16:02:16.266 34.74 ,907.8781 ,70.06 ,37.91 ,907.9465 ,72.37
16:02:16.299 34.74 ,907.8781 ,70.06 ,37.91 ,907.9465 ,72.37
16:02:16.341 34.74 ,907.8781 ,70.06 ,37.91 ,907.9465 ,72.37
16:02:16.347 34.72 ,907.4753 ,68.11 ,37.90 ,907.7271 ,71.04
16:02:16.382 34.72 ,907.4753 ,68.11 ,37.90 ,907.7271 ,71.04
16:02:16.485 34.72 ,907.4753 ,68.11 ,37.90 ,907.7271 ,71.04
16:02:16.507 34.72 ,907.4753 ,65.92 ,37.84 ,907.9165 ,69.71
16:02:16.516 34.63 ,907.7238 ,65.92 ,37.84 ,907.9165 ,69.71
16:02:16.550 34.52 ,908.0588 ,66.01 ,37.75 ,908.1760 ,70.28
16:02:16.593 34.52 ,908.0588 ,66.01 ,37.75 ,908.1760 ,70.28
16:02:16.602 34.52 ,908.0588 ,66.01 ,37.75 ,908.1760 ,70.28
16:02:16.636 34.45 ,907.9565 ,67.25 ,37.67 ,908.0633 ,71.18
16:02:16.726 34.45 ,907.9565 ,67.25 ,37.67 ,908.0633 ,71.18
16:02:16.733 34.45 ,907.9565 ,67.25 ,37.67 ,907.9492 ,72.05
16:02:16.766 34.45 ,907.9301 ,68.38 ,37.68 ,907.9492 ,72.05
16:02:16.804 34.45 ,907.9301 ,68.38 ,37.68 ,907.9492 ,72.05
16:02:16.810 34.45 ,907.9301 ,68.38 ,37.68 ,907.9492 ,72.05
16:02:16.844 34.50 ,907.9540 ,69.92 ,37.73 ,907.9197 ,72.87
16:02:16.883 34.50 ,907.9540 ,69.92 ,37.73 ,907.9197 ,72.87
16:02:16.889 34.50 ,907.9540 ,69.92 ,37.73 ,907.9197 ,72.87
16:02:16.922 34.58 ,907.8418 ,69.98 ,37.73 ,907.9197 ,72.87
16:02:16.966 34.58 ,907.8418 ,69.98 ,37.78 ,907.8811 ,72.71
16:02:16.972 34.58 ,907.8418 ,69.98 ,37.78 ,907.8811 ,72.71
16:02:17.005 34.58 ,907.8418 ,69.98 ,37.78 ,907.8811 ,72.71
16:02:17.061 34.65 ,907.5609 ,68.11 ,37.78 ,907.8811 ,72.71
16:02:17.065 34.65 ,907.5609 ,68.11 ,37.83 ,907.8445 ,71.37
16:02:17.097 34.65 ,907.5609 ,68.11 ,37.83 ,907.8445 ,71.37
16:02:17.140 34.61 ,907.7040 ,66.77 ,37.83 ,907.8445 ,71.37
16:02:17.146 34.61 ,907.7040 ,66.77 ,37.81 ,907.6565 ,70.53
16:02:17.178 34.61 ,907.7040 ,66.77 ,37.81 ,907.6565 ,70.53
16:02:17.220 34.61 ,907.7040 ,66.77 ,37.81 ,907.6565 ,70.53
16:02:17.226 34.51 ,907.3638 ,64.66 ,37.74 ,907.9442 ,69.44
16:02:17.260 34.51 ,907.3638 ,64.66 ,37.74 ,907.9442 ,69.44
16:02:17.302 34.51 ,907.3638 ,64.66 ,37.74 ,907.9442 ,69.44
16:02:17.308 34.51 ,907.3638 ,64.94 ,37.74 ,907.9442 ,70.32
16:02:17.345 34.41 ,907.9698 ,64.94 ,37.64 ,907.9947 ,70.32
16:02:17.391 34.41 ,907.9698 ,64.94 ,37.64 ,907.9947 ,70.32
16:02:17.396 34.41 ,907.9698 ,66.92 ,37.64 ,907.9947 ,70.32
16:02:17.433 34.35 ,908.0237 ,66.92 ,37.59 ,907.8767 ,71.67
16:02:17.473 34.35 ,908.0237 ,66.92 ,37.59 ,907.8767 ,71.67
16:02:17.479 34.35 ,908.0237 ,66.92 ,37.59 ,907.8767 ,71.67
16:02:17.515 34.38 ,907.9390 ,68.54 ,37.59 ,907.8767 ,71.67
16:02:17.557 34.38 ,907.9390 ,68.54 ,37.61 ,907.8857 ,72.44
16:02:17.562 34.38 ,907.9390 ,68.54 ,37.61 ,907.8857 ,72.44
16:02:17.597 34.38 ,907.9390 ,68.54 ,37.61 ,907.8857 ,72.44
16:02:17.641 34.46 ,907.9072 ,69.95 ,37.61 ,907.8857 ,72.44
16:02:17.646 34.46 ,907.9072 ,69.95 ,37.67 ,907.9211 ,73.07
16:02:17.682 34.46 ,907.9072 ,69.95 ,37.67 ,907.9211 ,73.07
16:02:17.712 34.46 ,907.9072 ,70.88 ,37.67 ,907.9211 ,73.07
16:02:17.717 34.55 ,907.8535 ,70.89 ,37.73 ,907.8178 ,73.14
16:02:17.753 34.55 ,907.8535 ,70.89 ,37.73 ,907.8178 ,73.14
16:02:17.807 34.55 ,907.8535 ,70.89 ,37.73 ,907.8178 ,73.14
16:02:17.857 34.55 ,907.8535 ,69.28 ,37.78 ,907.8408 ,71.66
16:02:17.931 34.62 ,907.4578 ,69.28 ,37.78 ,907.8408 ,71.66
16:02:17.933 34.60 ,907.6523 ,67.80 ,37.78 ,907.8408 ,71.66
16:02:17.942 34.60 ,907.6523 ,67.80 ,37.75 ,907.8582 ,70.47
16:02:17.975 34.60 ,907.6523 ,67.80 ,37.75 ,907.8582 ,70.47
16:02:18.016 34.60 ,907.6523 ,67.80 ,37.75 ,907.8582 ,70.47
16:02:18.024 34.51 ,907.5286 ,65.68 ,37.75 ,907.8755 ,69.36
16:02:18.056 34.51 ,907.5286 ,65.68 ,37.67 ,907.8755 ,69.36
16:02:18.100 34.51 ,907.5286 ,65.68 ,37.67 ,907.8755 ,69.36
16:02:18.104 34.51 ,907.5286 ,65.68 ,37.67 ,908.1266 ,68.84
16:02:18.138 34.41 ,907.7483 ,64.02 ,37.57 ,907.9822 ,68.84
16:02:18.183 34.41 ,907.7483 ,64.02 ,37.57 ,907.9822 ,68.84
16:02:18.189 34.41 ,907.7483 ,64.02 ,37.57 ,907.9822 ,68.84
16:02:18.224 34.31 ,907.9662 ,64.96 ,37.49 ,907.9675 ,70.06
16:02:18.266 34.31 ,907.9662 ,64.96 ,37.49 ,907.9675 ,70.06
16:02:18.272 34.31 ,907.9662 ,64.96 ,37.49 ,907.9675 ,70.06
16:02:18.305 34.28 ,907.9371 ,66.63 ,37.49 ,907.9675 ,70.06
16:02:18.353 34.28 ,907.9371 ,66.63 ,37.49 ,907.9500 ,71.29
16:02:18.451 34.28 ,907.9371 ,66.63 ,37.49 ,907.9500 ,71.29
16:02:18.456 34.31 ,907.9467 ,68.55 ,37.49 ,907.9500 ,71.29
16:02:18.500 34.31 ,907.9467 ,68.55 ,37.54 ,907.9311 ,72.25
16:02:18.509 34.40 ,907.9625 ,70.10 ,37.54 ,907.9311 ,72.25
16:02:18.541 34.40 ,907.9625 ,70.10 ,37.61 ,907.9717 ,72.91
16:02:18.582 34.40 ,907.9625 ,70.10 ,37.61 ,907.9717 ,72.91
16:02:18.591 34.40 ,907.9625 ,70.10 ,37.61 ,907.9717 ,72.91
16:02:18.624 34.49 ,907.8650 ,71.05 ,37.68 ,907.8719 ,71.84
16:02:18.655 34.49 ,907.8650 ,71.05 ,37.68 ,907.8719 ,71.84
16:02:18.662 34.49 ,907.8650 ,71.05 ,37.68 ,907.8719 ,71.84
16:02:18.695 34.57 ,907.5757 ,70.26 ,37.68 ,907.8719 ,71.84
16:02:18.736 34.57 ,907.5757 ,70.26 ,37.68 ,907.8719 ,71.84
16:02:18.742 34.57 ,907.5757 ,70.26 ,37.71 ,907.7633 ,70.13
16:02:18.776 34.57 ,907.5757 ,68.59 ,37.71 ,907.7633 ,70.13
16:02:18.821 34.57 ,907.6785 ,68.59 ,37.71 ,907.7633 ,70.13
16:02:18.827 34.57 ,907.6785 ,68.59 ,37.64 ,907.8647 ,68.68
16:02:18.861 34.57 ,907.6785 ,68.59 ,37.64 ,907.8647 ,68.68
16:02:18.901 34.47 ,907.4269 ,66.61 ,37.64 ,907.8647 ,68.68
16:02:18.906 34.47 ,907.4269 ,66.61 ,37.53 ,907.9238 ,67.31
16:02:18.940 34.47 ,907.4269 ,66.61 ,37.53 ,907.9238 ,67.31
16:02:18.981 34.47 ,907.4269 ,66.61 ,37.53 ,907.9238 ,67.31
16:02:18.987 34.47 ,908.0148 ,66.10 ,37.53 ,907.9238 ,67.31
16:02:19.021 34.35 ,908.0148 ,66.10 ,37.40 ,908.1141 ,68.24
16:02:19.061 34.35 ,908.0148 ,66.10 ,37.40 ,908.1141 ,68.24
16:02:19.068 34.35 ,908.0148 ,66.10 ,37.40 ,908.1141 ,68.24
16:02:19.100 34.25 ,907.9314 ,66.96 ,37.40 ,908.1141 ,68.24
16:02:19.221 34.25 ,907.9314 ,66.96 ,37.34 ,908.1383 ,69.18
16:02:19.250 34.25 ,907.9314 ,66.96 ,37.36 ,908.0385 ,70.35
16:02:19.275 34.23 ,907.9878 ,68.62 ,37.36 ,908.0385 ,70.35
16:02:19.280 34.27 ,907.8821 ,69.88 ,37.36 ,908.0385 ,70.35
16:02:19.315 34.27 ,907.8821 ,69.88 ,37.36 ,907.9739 ,71.22
16:02:19.360 34.27 ,907.8821 ,69.88 ,37.43 ,907.9739 ,71.22
16:02:19.364 34.27 ,907.9528 ,71.30 ,37.43 ,907.9739 ,71.22
16:02:19.401 34.34 ,907.9528 ,71.30 ,37.43 ,907.9739 ,71.22
16:02:19.440 34.34 ,907.9528 ,71.30 ,37.50 ,907.9589 ,72.12
16:02:19.446 34.34 ,907.9528 ,72.37 ,37.50 ,907.9589 ,72.12
16:02:19.482 34.43 ,907.8938 ,72.37 ,37.50 ,907.9589 ,72.12
16:02:19.521 34.43 ,907.8938 ,72.37 ,37.50 ,907.9589 ,72.12
16:02:19.526 34.43 ,907.8938 ,72.37 ,37.57 ,907.7083 ,71.97
16:02:19.562 34.43 ,907.3000 ,70.97 ,37.57 ,907.7083 ,71.97
16:02:19.594 34.52 ,907.3000 ,70.97 ,37.57 ,907.7083 ,71.97
16:02:19.599 34.52 ,907.3000 ,70.97 ,37.63 ,907.6293 ,70.19
16:02:19.635 34.52 ,907.3000 ,70.97 ,37.63 ,907.6293 ,70.19
16:02:19.676 34.52 ,907.3000 ,70.97 ,37.63 ,907.6293 ,70.19
16:02:19.681 34.51 ,907.6758 ,69.12 ,37.63 ,907.6293 ,70.19
16:02:19.717 34.51 ,907.6758 ,69.12 ,37.58 ,907.8487 ,69.49
16:02:19.777 34.51 ,907.6758 ,69.12 ,37.58 ,907.8487 ,69.49
16:02:19.787 34.41 ,907.4628 ,67.14 ,37.58 ,907.8487 ,69.49
16:02:19.824 34.41 ,907.4628 ,67.14 ,37.47 ,907.7534 ,68.59
16:02:19.857 34.41 ,907.4628 ,67.14 ,37.47 ,907.7534 ,68.59
16:02:19.863 34.27 ,907.8166 ,65.42 ,37.47 ,907.7534 ,68.59
16:02:19.898 34.27 ,907.8166 ,65.42 ,37.47 ,907.7534 ,68.59
16:02:19.941 34.27 ,907.8166 ,65.42 ,37.38 ,907.9895 ,68.53
16:02:19.973 34.16 ,907.9828 ,66.58 ,37.38 ,907.9895 ,68.53
16:02:20.013 34.16 ,907.9828 ,66.58 ,37.38 ,907.9895 ,68.53
16:02:20.022 34.16 ,907.9828 ,66.58 ,37.38 ,907.9895 ,70.43
16:02:20.055 34.11 ,907.9270 ,68.60 ,37.31 ,907.8470 ,70.43
16:02:20.101 34.11 ,907.9270 ,68.60 ,37.31 ,907.8470 ,70.43
16:02:20.108 34.11 ,907.9270 ,68.60 ,37.31 ,907.8452 ,71.42
16:02:20.141 34.11 ,907.9270 ,68.60 ,37.33 ,907.8452 ,71.42
16:02:20.183 34.17 ,907.8699 ,70.21 ,37.33 ,907.8452 ,71.42
16:02:20.190 34.17 ,907.8699 ,70.21 ,37.33 ,907.8452 ,72.13
16:02:20.224 34.17 ,907.8699 ,70.21 ,37.40 ,907.8438 ,72.13
16:02:20.264 34.17 ,907.8699 ,70.21 ,37.40 ,907.8438 ,72.13
16:02:20.270 34.29 ,907.8312 ,71.41 ,37.40 ,907.8438 ,72.13
16:02:20.303 34.29 ,907.8312 ,71.41 ,37.40 ,907.8438 ,72.13
16:02:20.348 34.29 ,907.8312 ,71.41 ,37.47 ,907.5884 ,71.90
16:02:20.356 34.29 ,907.8312 ,71.41 ,37.47 ,907.5884 ,71.90
16:02:20.389 34.39 ,907.3013 ,70.42 ,37.47 ,907.5884 ,71.90
16:02:20.504 34.39 ,907.3013 ,70.42 ,37.47 ,907.5884 ,70.55
16:02:20.556 34.39 ,907.3013 ,70.42 ,37.48 ,907.7921 ,69.53
16:02:20.561 34.39 ,907.6542 ,66.93 ,37.48 ,907.7921 ,69.53
16:02:20.567 34.31 ,907.6542 ,66.93 ,37.48 ,907.7921 ,69.53
16:02:20.604 34.31 ,907.6542 ,66.93 ,37.48 ,907.7921 ,68.81
16:02:20.642 34.31 ,907.6542 ,66.93 ,37.39 ,907.7930 ,68.80
16:02:20.676 34.19 ,907.9269 ,66.29 ,37.39 ,907.7930 ,68.80
16:02:20.722 34.19 ,907.9269 ,66.29 ,37.39 ,907.7930 ,68.80
16:02:20.731 34.19 ,907.9269 ,66.29 ,37.30 ,907.9100 ,69.71
16:02:20.764 34.10 ,907.9269 ,67.57 ,37.30 ,907.9100 ,69.71
16:02:20.802 34.10 ,907.9269 ,67.57 ,37.30 ,907.9100 ,69.71
16:02:20.810 34.10 ,907.9269 ,67.57 ,37.30 ,908.0923 ,71.10
16:02:20.842 34.08 ,907.8752 ,69.31 ,37.26 ,908.0923 ,71.10
16:02:20.886 34.08 ,907.8752 ,69.31 ,37.26 ,908.0923 ,71.10
16:02:20.892 34.08 ,907.8752 ,69.31 ,37.30 ,907.8872 ,71.69
16:02:20.926 34.08 ,907.8752 ,69.31 ,37.30 ,907.8872 ,71.69
16:02:20.969 34.14 ,907.8231 ,70.62 ,37.30 ,907.8872 ,71.69
16:02:20.976 34.14 ,907.8231 ,70.62 ,37.30 ,907.8872 ,71.69
16:02:21.010 34.14 ,907.8231 ,70.62 ,37.37 ,907.8120 ,72.53
16:02:21.064 34.14 ,907.8231 ,70.62 ,37.37 ,907.8120 ,72.53
16:02:21.138 34.23 ,907.8231 ,71.95 ,37.37 ,907.8120 ,72.53
16:02:21.141 34.23 ,907.8231 ,71.95 ,37.44 ,907.5477 ,72.48
16:02:21.148 34.23 ,907.8231 ,71.15 ,37.44 ,907.5477 ,72.48
16:02:21.182 34.33 ,907.1972 ,71.15 ,37.44 ,907.5477 ,72.48
16:02:21.224 34.33 ,907.1972 ,71.15 ,37.44 ,907.5881 ,70.81
16:02:21.230 34.33 ,907.1972 ,69.28 ,37.50 ,907.6621 ,70.81
16:02:21.266 34.36 ,907.3024 ,69.28 ,37.50 ,907.6621 ,70.81
16:02:21.307 34.36 ,907.3024 ,69.28 ,37.50 ,907.6621 ,70.81
16:02:21.312 34.36 ,907.3024 ,67.43 ,37.45 ,907.7533 ,69.88
16:02:21.348 34.28 ,907.7156 ,67.43 ,37.45 ,907.7533 ,69.88
16:02:21.390 34.28 ,907.7156 ,67.43 ,37.45 ,907.7533 ,69.88
16:02:21.397 34.28 ,907.7156 ,67.43 ,37.34 ,907.6767 ,68.83
16:02:21.432 34.14 ,907.3997 ,65.86 ,37.34 ,907.6767 ,68.83
16:02:21.461 34.14 ,907.3997 ,65.86 ,37.34 ,907.6767 ,68.83
16:02:21.467 34.14 ,907.3997 ,65.86 ,37.34 ,907.6767 ,68.83
16:02:21.502 34.14 ,907.3997 ,65.86 ,37.24 ,907.8586 ,69.10
16:02:21.543 34.14 ,907.8315 ,66.63 ,37.24 ,907.8586 ,69.10
16:02:21.548 34.02 ,907.8315 ,66.63 ,37.24 ,907.8586 ,69.10
16:02:21.585 34.02 ,907.8315 ,66.63 ,37.24 ,907.8586 ,69.10
16:02:21.625 34.02 ,907.8315 ,66.63 ,37.18 ,907.7744 ,70.67
16:02:21.630 34.02 ,907.9015 ,68.74 ,37.18 ,907.7744 ,70.67
16:02:21.668 33.97 ,907.9015 ,68.74 ,37.18 ,907.7744 ,70.67
16:02:21.709 33.97 ,907.9015 ,68.74 ,37.18 ,907.7744 ,70.67
16:02:21.742 34.04 ,907.7946 ,70.22 ,37.21 ,907.7778 ,71.63
16:02:21.836 34.04 ,907.7946 ,70.22 ,37.21 ,907.7778 ,71.63
16:02:21.902 34.04 ,907.7946 ,70.22 ,37.21 ,907.7778 ,72.29
16:02:21.922 34.14 ,907.7522 ,71.46 ,37.27 ,907.7922 ,72.29
16:02:21.930 34.14 ,907.7522 ,71.46 ,37.35 ,907.7647 ,72.78
16:02:21.962 34.23 ,907.6228 ,72.12 ,37.35 ,907.7647 ,72.78
16:02:22.004 34.23 ,907.6228 ,72.12 ,37.35 ,907.7647 ,72.78
16:02:22.010 34.23 ,907.6228 ,72.12 ,37.42 ,907.4070 ,71.28
16:02:22.044 34.30 ,906.9009 ,70.14 ,37.42 ,907.4070 ,71.28
16:02:22.086 34.30 ,906.9009 ,70.14 ,37.42 ,907.4070 ,71.28
16:02:22.093 34.30 ,906.9009 ,70.14 ,37.41 ,907.6686 ,70.06
16:02:22.126 34.25 ,907.0064 ,68.69 ,37.41 ,907.6686 ,70.06
16:02:22.167 34.25 ,907.0064 ,68.69 ,37.41 ,907.6686 ,70.06
16:02:22.173 34.25 ,907.0064 ,68.69 ,37.41 ,907.6686 ,70.06
16:02:22.205 34.14 ,907.3340 ,67.07 ,37.32 ,907.6750 ,68.68
16:02:22.253 34.14 ,907.3340 ,67.07 ,37.32 ,907.6750 ,68.68
16:02:22.259 34.14 ,907.3340 ,67.07 ,37.32 ,907.6750 ,68.68
16:02:22.292 34.14 ,907.3340 ,67.07 ,37.32 ,907.8585 ,68.52
16:02:22.327 34.02 ,907.9219 ,67.25 ,37.21 ,907.8585 ,68.52
16:02:22.333 34.02 ,907.9219 ,67.25 ,37.21 ,907.8585 ,68.52
16:02:22.365 34.02 ,907.9219 ,67.25 ,37.21 ,907.8585 ,68.52
16:02:22.432 34.02 ,907.9219 ,67.25 ,37.21 ,907.8585 ,68.52
16:02:22.481 34.02 ,907.8014 ,68.89 ,37.13 ,907.8036 ,69.76
16:02:22.509 33.93 ,907.8014 ,68.89 ,37.13 ,907.8036 ,69.76
16:02:22.512 33.93 ,907.8014 ,70.86 ,37.15 ,907.8162 ,71.27
16:02:22.520 33.96 ,907.8375 ,70.86 ,37.15 ,907.8162 ,71.27
16:02:22.547 33.96 ,907.8375 ,70.86 ,37.15 ,907.8162 ,71.27
16:02:22.574 33.96 ,907.8375 ,70.86 ,37.15 ,907.8162 ,71.27
16:02:22.579 33.96 ,907.8375 ,70.86 ,37.15 ,907.8162 ,71.27
16:02:22.585 34.05 ,907.7328 ,72.18 ,37.21 ,907.7938 ,71.97
16:02:22.622 34.05 ,907.7328 ,72.18 ,37.21 ,907.7938 ,71.97
16:02:22.661 34.05 ,907.7328 ,72.18 ,37.21 ,907.7938 ,71.97
16:02:22.694 34.05 ,907.7328 ,72.18 ,37.29 ,907.7187 ,72.57
16:02:22.738 34.16 ,907.6817 ,73.04 ,37.29 ,907.7187 ,72.57
16:02:22.748 34.16 ,907.6817 ,73.04 ,37.29 ,907.7187 ,72.57
16:02:22.780 34.16 ,907.6817 ,73.04 ,37.29 ,907.7187 ,72.57
16:02:22.822 34.26 ,907.3290 ,71.25 ,37.37 ,907.6541 ,70.63
16:02:22.830 34.26 ,907.3290 ,71.25 ,37.37 ,907.6541 ,70.63
16:02:22.862 34.26 ,907.3290 ,71.25 ,37.37 ,907.6541 ,70.63
16:02:22.903 34.26 ,907.3290 ,71.25 ,37.37 ,907.6541 ,70.63
16:02:22.908 34.25 ,907.3820 ,70.13 ,37.36 ,907.5084 ,69.40
16:02:22.942 34.25 ,907.3820 ,70.13 ,37.36 ,907.5084 ,69.40
16:02:22.984 34.25 ,907.3820 ,70.13 ,37.36 ,907.5084 ,69.40
16:02:22.989 34.25 ,907.3820 ,70.13 ,37.28 ,907.6766 ,68.28
16:02:23.023 34.16 ,907.5363 ,68.42 ,37.28 ,907.6766 ,68.28
16:02:23.068 34.16 ,907.5363 ,68.42 ,37.28 ,907.6766 ,68.28
16:02:23.074 34.16 ,907.5363 ,68.42 ,37.17 ,907.6144 ,67.02
16:02:23.109 34.03 ,907.2932 ,66.07 ,37.17 ,907.6144 ,67.02
16:02:23.202 34.03 ,907.2932 ,66.07 ,37.17 ,907.6144 ,67.02
16:02:23.231 34.03 ,907.2932 ,66.07 ,37.07 ,907.7910 ,66.05
16:02:23.285 33.89 ,907.6090 ,64.43 ,37.07 ,907.7910 ,66.05
16:02:23.287 33.89 ,907.6090 ,64.43 ,37.07 ,907.7910 ,66.05
16:02:23.296 33.79 ,907.7205 ,65.39 ,36.99 ,907.7731 ,67.10
16:02:23.330 33.79 ,907.7205 ,65.39 ,36.99 ,907.7731 ,67.10
16:02:23.359 33.79 ,907.7205 ,65.39 ,36.99 ,907.7731 ,67.10
16:02:23.368 33.79 ,907.7205 ,65.39 ,36.99 ,907.7731 ,67.10
16:02:23.400 33.76 ,907.6756 ,67.04 ,36.97 ,907.7164 ,68.34
16:02:23.441 33.76 ,907.6756 ,67.04 ,36.97 ,907.7164 ,68.34
16:02:23.449 33.76 ,907.6756 ,67.04 ,36.97 ,907.7164 ,68.34
16:02:23.481 33.80 ,907.6995 ,68.88 ,36.97 ,907.7164 ,68.34
16:02:23.525 33.80 ,907.6995 ,68.88 ,37.03 ,907.7592 ,69.53
16:02:23.531 33.80 ,907.6995 ,68.88 ,37.03 ,907.7592 ,69.53
16:02:23.565 33.80 ,907.6995 ,68.88 ,37.03 ,907.7592 ,69.53
16:02:23.612 33.89 ,907.6638 ,70.45 ,37.03 ,907.7592 ,70.39
16:02:23.619 33.89 ,907.6638 ,70.45 ,37.11 ,907.7280 ,70.39
16:02:23.651 33.89 ,907.6638 ,70.45 ,37.11 ,907.7280 ,70.39
16:02:23.691 33.89 ,907.6638 ,70.45 ,37.11 ,907.7280 ,70.39
16:02:23.697 34.02 ,907.6437 ,72.00 ,37.19 ,907.6708 ,71.41
16:02:23.730 34.02 ,907.6437 ,72.00 ,37.19 ,907.6708 ,71.41
16:02:23.795 34.02 ,907.6437 ,72.00 ,37.19 ,907.6708 ,71.41
16:02:23.845 34.02 ,907.6437 ,72.00 ,37.26 ,907.7378 ,72.20
16:02:23.861 34.13 ,907.7166 ,73.21 ,37.26 ,907.7378 ,72.20
16:02:23.910 34.13 ,907.7166 ,73.09 ,37.33 ,907.5206 ,71.95
16:02:23.931 34.23 ,907.5538 ,73.09 ,37.33 ,907.5206 ,71.95
16:02:23.965 34.23 ,907.5538 ,73.09 ,37.33 ,907.5206 ,71.95
16:02:24.012 34.29 ,907.4378 ,70.90 ,37.33 ,907.6088 ,70.80
16:02:24.021 34.29 ,907.4378 ,70.90 ,37.38 ,907.6088 ,70.80
16:02:24.053 34.29 ,907.4378 ,70.90 ,37.38 ,907.6088 ,70.80
16:02:24.098 34.20 ,907.6027 ,68.67 ,37.38 ,907.6088 ,70.80
16:02:24.106 34.20 ,907.6027 ,68.67 ,37.33 ,907.6119 ,69.98
16:02:24.138 34.20 ,907.6027 ,68.67 ,37.33 ,907.6119 ,69.98
16:02:24.179 34.20 ,907.6027 ,68.67 ,37.33 ,907.6119 ,69.98
16:02:24.185 34.05 ,907.0170 ,66.45 ,37.24 ,907.5605 ,69.13
16:02:24.218 34.05 ,907.0170 ,66.45 ,37.24 ,907.5605 ,69.13
16:02:24.251 34.05 ,907.0170 ,66.45 ,37.24 ,907.5605 ,69.13
16:02:24.259 34.05 ,907.0170 ,66.45 ,37.24 ,907.5605 ,69.13
16:02:24.291 33.88 ,907.7770 ,66.29 ,37.14 ,907.7422 ,69.52
16:02:24.332 33.88 ,907.7770 ,66.29 ,37.14 ,907.7422 ,69.52
16:02:24.338 33.88 ,907.7770 ,66.29 ,37.14 ,907.7422 ,69.52
16:02:24.371 33.79 ,907.9683 ,68.96 ,37.14 ,907.7422 ,69.52
16:02:24.417 33.79 ,907.9683 ,68.96 ,37.08 ,907.5703 ,71.31
16:02:24.423 33.79 ,907.9683 ,68.96 ,37.08 ,907.5703 ,71.31
16:02:24.458 33.82 ,907.6750 ,70.67 ,37.08 ,907.5703 ,71.31
16:02:24.550 33.82 ,907.6750 ,70.67 ,37.08 ,907.5703 ,72.09
16:02:24.578 33.82 ,907.6750 ,70.67 ,37.11 ,907.6772 ,72.09
16:02:24.631 33.93 ,907.6367 ,72.10 ,37.17 ,907.7039 ,72.65
16:02:24.633 33.93 ,907.6367 ,72.10 ,37.17 ,907.7039 ,72.65
16:02:24.639 33.93 ,907.6367 ,72.10 ,37.17 ,907.7039 ,72.65
16:02:24.675 34.07 ,907.5792 ,72.76 ,37.17 ,907.7039 ,72.53
16:02:24.718 34.07 ,907.5792 ,72.76 ,37.23 ,907.4447 ,72.54
16:02:24.727 34.07 ,907.5792 ,72.76 ,37.23 ,907.4447 ,72.54
16:02:24.760 34.16 ,907.0862 ,70.74 ,37.23 ,907.4447 ,72.54
16:02:24.800 34.16 ,907.0862 ,70.74 ,37.28 ,907.5258 ,71.08
16:02:24.807 34.16 ,907.0862 ,70.74 ,37.28 ,907.5258 ,71.08
16:02:24.840 34.16 ,907.0862 ,70.74 ,37.28 ,907.5258 ,71.08
16:02:24.884 34.13 ,907.2062 ,68.69 ,37.28 ,907.5258 ,71.08
16:02:24.890 34.13 ,907.2062 ,68.69 ,37.25 ,907.5624 ,69.97
16:02:24.923 34.13 ,907.2062 ,68.69 ,37.25 ,907.5624 ,69.97
16:02:24.968 34.13 ,907.2062 ,68.69 ,37.25 ,907.5624 ,69.97
16:02:24.975 34.01 ,907.4981 ,66.97 ,37.17 ,907.4005 ,69.15
16:02:25.009 34.01 ,907.4981 ,66.97 ,37.17 ,907.4005 ,69.15
16:02:25.051 34.01 ,907.4981 ,66.97 ,37.17 ,907.4005 ,69.15
16:02:25.057 34.01 ,907.8329 ,65.81 ,37.08 ,907.7314 ,69.06
16:02:25.090 33.87 ,907.6317 ,65.81 ,37.08 ,907.7314 ,69.06
16:02:25.123 33.87 ,907.6317 ,65.81 ,37.08 ,907.7314 ,69.06
16:02:25.130 33.87 ,907.6317 ,65.81 ,37.08 ,907.7314 ,69.06
16:02:25.200 33.76 ,907.6756 ,67.41 ,37.08 ,907.7314 ,69.06
16:02:25.230 33.76 ,907.6756 ,67.41 ,37.01 ,907.8273 ,70.33
16:02:25.278 33.76 ,907.6756 ,67.41 ,37.01 ,907.8273 ,70.33
16:02:25.285 33.74 ,907.8469 ,69.61 ,37.02 ,907.7364 ,71.43
16:02:25.289 33.74 ,907.8469 ,69.61 ,37.02 ,907.7364 ,71.43
16:02:25.326 33.74 ,907.8469 ,69.61 ,37.02 ,907.7364 ,71.43
16:02:25.368 33.81 ,907.6024 ,71.12 ,37.02 ,907.7364 ,71.43
16:02:25.372 33.81 ,907.6024 ,71.12 ,37.08 ,907.7281 ,72.09
16:02:25.410 33.81 ,907.6024 ,71.12 ,37.08 ,907.7281 ,72.09
16:02:25.461 33.81 ,907.6024 ,71.12 ,37.08 ,907.7281 ,72.09
16:02:25.470 33.91 ,907.5547 ,72.20 ,37.16 ,907.6337 ,72.62
16:02:25.507 33.91 ,907.5547 ,72.20 ,37.16 ,907.6337 ,72.62
16:02:25.541 33.91 ,907.5547 ,72.20 ,37.16 ,907.6337 ,72.62
16:02:25.546 34.04 ,907.3251 ,71.86 ,37.16 ,907.6337 ,71.51
16:02:25.581 34.04 ,907.3251 ,71.86 ,37.22 ,907.1746 ,71.52
16:02:25.620 34.04 ,907.3251 ,71.86 ,37.22 ,907.1746 ,71.52
16:02:25.652 34.08 ,906.7678 ,69.59 ,37.22 ,907.1746 ,71.52
16:02:25.751 34.08 ,906.7678 ,69.59 ,37.24 ,907.4025 ,70.11
16:02:25.760 34.08 ,906.7678 ,69.59 ,37.24 ,907.4025 ,68.77
16:02:25.792 33.99 ,906.8778 ,67.67 ,37.17 ,907.4565 ,68.77
16:02:25.838 33.99 ,906.8778 ,67.67 ,37.17 ,907.4565 ,68.77
16:02:25.846 33.99 ,906.9664 ,66.02 ,37.17 ,907.4565 ,68.77
16:02:25.915 33.85 ,906.7654 ,66.02 ,37.05 ,907.4260 ,67.88
16:02:25.922 33.85 ,906.7654 ,66.02 ,37.05 ,907.4260 ,67.88
16:02:25.930 33.85 ,906.7654 ,64.63 ,37.05 ,907.4260 ,67.88
16:02:25.966 33.73 ,907.2305 ,64.63 ,37.05 ,907.8101 ,67.28
16:02:26.005 33.73 ,907.2305 ,64.63 ,36.93 ,907.6548 ,67.28
16:02:26.011 33.73 ,907.2305 ,65.08 ,36.93 ,907.6548 ,67.28
16:02:26.046 33.63 ,907.6163 ,65.08 ,36.93 ,907.6548 ,67.28
16:02:26.079 33.63 ,907.6163 ,65.08 ,36.93 ,907.6548 ,67.19
16:02:26.085 33.63 ,907.6163 ,65.08 ,36.86 ,907.5632 ,67.19
16:02:26.121 33.63 ,906.3670 ,63.60 ,36.86 ,907.5632 ,67.19
16:02:26.153 33.57 ,906.3670 ,63.60 ,36.86 ,907.5632 ,67.19
16:02:26.159 33.57 ,906.3670 ,63.60 ,36.84 ,907.2017 ,65.72
16:02:26.195 33.57 ,906.3670 ,63.60 ,36.84 ,907.2017 ,65.72
16:02:26.238 33.57 ,906.3670 ,63.60 ,36.84 ,907.2017 ,65.72
16:02:26.243 33.53 ,905.9540 ,61.59 ,36.84 ,907.1912 ,64.54
16:02:26.281 33.53 ,905.9540 ,61.59 ,36.79 ,907.1244 ,64.54
16:02:26.320 33.53 ,905.9540 ,61.59 ,36.79 ,907.1244 ,64.54
16:02:26.325 33.53 ,905.9540 ,60.52 ,36.79 ,907.1244 ,64.54
16:02:26.362 33.48 ,906.7123 ,60.52 ,36.79 ,907.1244 ,63.49
16:02:26.402 33.48 ,906.7123 ,60.52 ,36.73 ,907.4781 ,63.49
16:02:26.406 33.48 ,906.7123 ,60.22 ,36.73 ,907.4781 ,63.49
16:02:26.443 33.41 ,907.2383 ,60.22 ,36.73 ,907.4781 ,63.49
16:02:26.508 33.41 ,907.2383 ,60.22 ,36.73 ,907.4781 ,63.49
16:02:26.511 33.41 ,907.2383 ,60.22 ,36.65 ,907.4949 ,63.03
16:02:26.589 33.36 ,907.4600 ,59.88 ,36.65 ,907.4949 ,63.03
16:02:26.591 33.36 ,907.4600 ,59.88 ,36.65 ,907.4949 ,62.46
16:02:26.622 33.36 ,907.4600 ,59.88 ,36.60 ,907.5402 ,62.45
16:02:26.645 33.31 ,907.3951 ,59.01 ,36.60 ,907.5402 ,62.45
16:02:26.652 33.31 ,907.3951 ,59.01 ,36.60 ,907.6431 ,63.27
16:02:26.685 33.31 ,907.3951 ,59.01 ,36.56 ,907.6431 ,63.27
16:02:26.728 33.31 ,907.3951 ,59.01 ,36.56 ,907.6431 ,63.27
16:02:26.735 33.27 ,908.0369 ,64.81 ,36.56 ,907.6431 ,63.27
16:02:26.767 33.27 ,908.0369 ,64.81 ,36.57 ,907.4417 ,66.14
16:02:26.807 33.27 ,908.0369 ,64.81 ,36.57 ,907.4417 ,66.14
16:02:26.813 33.27 ,908.0369 ,64.81 ,36.57 ,907.4417 ,66.14
16:02:26.848 33.32 ,908.1124 ,69.53 ,36.57 ,907.4417 ,66.14
16:02:26.940 33.32 ,908.1124 ,69.53 ,36.63 ,907.5720 ,67.80
16:02:26.944 33.32 ,908.1124 ,69.53 ,36.72 ,907.6339 ,69.01
16:02:26.977 33.47 ,908.1970 ,72.42 ,36.72 ,907.6339 ,69.01
16:02:27.020 33.47 ,908.1970 ,72.42 ,36.72 ,907.6339 ,69.01
16:02:27.026 33.64 ,907.7760 ,73.93 ,36.72 ,907.6339 ,69.01
16:02:27.058 33.64 ,907.7760 ,73.93 ,36.81 ,907.5680 ,70.15
16:02:27.090 33.64 ,907.7760 ,73.93 ,36.81 ,907.5680 ,70.15
16:02:27.096 33.64 ,907.7760 ,73.93 ,36.81 ,907.5680 ,70.15
16:02:27.130 33.80 ,907.8926 ,75.80 ,36.81 ,907.5680 ,70.15
16:02:27.170 33.80 ,907.8926 ,75.80 ,36.81 ,907.5680 ,70.15
16:02:27.244 33.80 ,907.8926 ,75.80 ,36.89 ,907.7300 ,71.08
16:02:27.247 33.94 ,907.7946 ,76.87 ,36.89 ,907.7300 ,71.08
16:02:27.254 33.94 ,907.7946 ,76.87 ,36.96 ,907.6287 ,71.83
16:02:27.289 33.94 ,907.7946 ,76.87 ,36.96 ,907.6287 ,71.83
16:02:27.332 34.08 ,907.6431 ,77.56 ,36.96 ,907.6287 ,71.83
16:02:27.338 34.08 ,907.6431 ,77.56 ,37.03 ,907.6189 ,72.31
16:02:27.373 34.08 ,907.6431 ,77.56 ,37.03 ,907.6189 ,72.31
16:02:27.416 34.08 ,907.6431 ,78.03 ,37.03 ,907.6189 ,72.31
16:02:27.421 34.19 ,907.6291 ,78.04 ,37.03 ,907.6189 ,72.31
16:02:27.457 34.19 ,907.6291 ,78.04 ,37.08 ,907.6158 ,72.79
16:02:27.498 34.19 ,907.6291 ,78.04 ,37.08 ,907.6158 ,72.79
16:02:27.503 34.27 ,907.6411 ,78.48 ,37.08 ,907.6158 ,72.79
16:02:27.538 34.27 ,907.6411 ,78.48 ,37.08 ,907.6158 ,72.79
16:02:27.579 34.27 ,907.6411 ,78.48 ,37.14 ,907.5862 ,73.15
16:02:27.584 34.27 ,907.6411 ,78.96 ,37.14 ,907.5862 ,73.15
16:02:27.621 34.32 ,907.6633 ,78.96 ,37.14 ,907.5862 ,73.15
16:02:27.667 34.32 ,907.6633 ,78.96 ,37.14 ,907.5862 ,73.15
16:02:27.672 34.32 ,907.6633 ,78.94 ,37.19 ,907.5480 ,73.39
16:02:27.709 34.37 ,907.5400 ,78.94 ,37.19 ,907.5480 ,73.39
16:02:27.749 34.37 ,907.5400 ,78.94 ,37.19 ,907.5480 ,73.39
16:02:27.754 34.37 ,907.5400 ,78.94 ,37.24 ,907.5359 ,73.26
16:02:27.787 34.39 ,907.5299 ,76.95 ,37.24 ,907.5359 ,73.26
16:02:27.827 34.39 ,907.5299 ,76.95 ,37.24 ,907.5359 ,73.26
16:02:27.832 34.39 ,907.5299 ,76.95 ,37.24 ,907.5574 ,71.98
16:02:27.903 34.39 ,907.5299 ,76.95 ,37.28 ,907.5574 ,71.98
16:02:27.975 34.33 ,907.5286 ,74.58 ,37.28 ,907.5574 ,71.98
16:02:27.977 34.33 ,907.5286 ,72.27 ,37.26 ,907.5659 ,70.81
16:02:27.986 34.18 ,907.6060 ,72.27 ,37.26 ,907.5659 ,70.81
16:02:28.020 34.18 ,907.6060 ,72.27 ,37.26 ,907.5659 ,70.81
16:02:28.061 34.18 ,907.6060 ,72.27 ,37.26 ,907.5659 ,70.81
16:02:28.070 34.18 ,907.6060 ,72.27 ,37.19 ,907.6375 ,70.22
16:02:28.102 34.00 ,907.7015 ,72.15 ,37.19 ,907.6375 ,70.22
16:02:28.233 34.00 ,907.7015 ,72.15 ,37.19 ,907.6375 ,70.22
16:02:28.238 34.00 ,907.7015 ,72.15 ,37.19 ,907.6319 ,70.77
16:02:28.242 33.86 ,907.7059 ,73.37 ,37.10 ,907.6000 ,71.24
16:02:28.259 33.83 ,907.5865 ,74.51 ,37.10 ,907.6000 ,71.24
16:02:28.295 33.83 ,907.5865 ,74.51 ,37.10 ,907.6000 ,71.24
16:02:28.328 33.83 ,907.5865 ,74.51 ,37.10 ,907.6000 ,71.24
16:02:28.336 33.83 ,907.5865 ,74.51 ,37.14 ,907.5686 ,71.78
16:02:28.371 33.83 ,907.5963 ,75.77 ,37.14 ,907.5686 ,71.78
16:02:28.417 33.87 ,907.5963 ,75.77 ,37.14 ,907.5686 ,71.78
16:02:28.418 33.87 ,907.5963 ,75.77 ,37.14 ,907.5686 ,71.78
16:02:28.428 33.87 ,907.5963 ,75.77 ,37.20 ,907.5410 ,72.20
16:02:28.465 33.87 ,907.5963 ,75.77 ,37.20 ,907.5410 ,72.20
16:02:28.503 33.94 ,907.5022 ,76.35 ,37.20 ,907.5410 ,72.20
16:02:28.518 33.94 ,907.5022 ,76.35 ,37.20 ,907.5410 ,72.20
16:02:28.593 33.94 ,907.5022 ,76.35 ,37.27 ,907.5308 ,71.90
16:02:28.600 33.94 ,907.5022 ,75.31 ,37.27 ,907.5308 ,71.90
16:02:28.632 34.04 ,907.5625 ,75.33 ,37.27 ,907.5308 ,71.90
16:02:28.674 34.04 ,907.5625 ,75.33 ,37.32 ,907.5171 ,71.17
16:02:28.680 34.05 ,907.5220 ,73.08 ,37.32 ,907.5171 ,71.17
16:02:28.712 34.05 ,907.5220 ,73.08 ,37.32 ,907.5171 ,71.17
16:02:28.755 34.05 ,907.5220 ,73.08 ,37.32 ,907.5171 ,71.17
16:02:28.761 34.05 ,907.5220 ,73.08 ,37.33 ,907.4838 ,70.09
16:02:28.795 33.97 ,907.5187 ,71.25 ,37.33 ,907.4838 ,70.09
16:02:28.834 33.97 ,907.5187 ,71.25 ,37.33 ,907.4838 ,70.09
16:02:28.841 33.97 ,907.5187 ,71.25 ,37.30 ,907.6328 ,70.50
16:02:28.853 33.83 ,907.6381 ,72.58 ,37.30 ,907.6328 ,70.50
16:02:28.892 33.83 ,907.6381 ,72.58 ,37.30 ,907.6328 ,70.50
16:02:28.925 33.83 ,907.6381 ,72.58 ,37.30 ,907.6328 ,70.50
16:02:28.932 33.83 ,907.6381 ,72.58 ,37.30 ,907.5659 ,71.07
16:02:28.965 33.78 ,907.5307 ,73.23 ,37.26 ,907.5659 ,71.07
16:02:28.995 33.78 ,907.5307 ,73.23 ,37.26 ,907.5659 ,71.07
16:02:29.001 33.78 ,907.5307 ,73.23 ,37.26 ,907.5659 ,71.07
16:02:29.035 33.78 ,907.5307 ,73.23 ,37.26 ,907.5659 ,71.07
16:02:29.073 33.78 ,907.5307 ,73.23 ,37.27 ,907.6484 ,71.04
16:02:29.080 33.80 ,907.5631 ,73.54 ,37.27 ,907.6484 ,71.04
16:02:29.112 33.80 ,907.5631 ,73.54 ,37.27 ,907.6484 ,71.04
16:02:29.151 33.80 ,907.5631 ,73.54 ,37.27 ,907.6484 ,71.04
16:02:29.158 33.80 ,907.5631 ,73.54 ,37.29 ,907.6047 ,71.36
16:02:29.190 33.81 ,907.5881 ,73.86 ,37.29 ,907.6047 ,71.36
16:02:29.253 33.81 ,907.5881 ,73.86 ,37.29 ,907.6047 ,71.36
16:02:29.327 33.81 ,907.5881 ,73.86 ,37.31 ,907.3750 ,70.30
16:02:29.373 33.84 ,907.1811 ,71.21 ,37.31 ,907.3750 ,70.30
16:02:29.376 33.84 ,907.1811 ,69.57 ,37.32 ,907.6891 ,69.00
16:02:29.384 33.79 ,907.6654 ,69.57 ,37.32 ,907.6891 ,69.00
16:02:29.417 33.79 ,907.6654 ,69.57 ,37.32 ,907.6891 ,69.00
16:02:29.454 33.79 ,907.6654 ,69.57 ,37.32 ,907.6891 ,69.00
16:02:29.464 33.67 ,907.6401 ,70.49 ,37.25 ,907.7220 ,69.26
16:02:29.496 33.67 ,907.6401 ,70.49 ,37.25 ,907.7220 ,69.26
16:02:29.537 33.67 ,907.6401 ,70.49 ,37.25 ,907.7220 ,69.26
16:02:29.545 33.67 ,907.6401 ,70.49 ,37.25 ,907.7269 ,69.36
16:02:29.577 33.62 ,907.6390 ,70.87 ,37.19 ,907.7269 ,69.36
16:02:29.622 33.62 ,907.6390 ,70.87 ,37.19 ,907.7269 ,69.36
16:02:29.628 33.62 ,907.6390 ,70.87 ,37.18 ,907.6620 ,69.99
16:02:29.661 33.61 ,907.5664 ,72.39 ,37.18 ,907.6620 ,69.99
16:02:29.702 33.61 ,907.5664 ,72.39 ,37.18 ,907.6620 ,69.99
16:02:29.708 33.61 ,907.5664 ,72.39 ,37.18 ,907.6620 ,69.99
16:02:29.741 33.67 ,907.6012 ,73.65 ,37.21 ,907.6990 ,70.53
16:02:29.782 33.67 ,907.6012 ,73.65 ,37.21 ,907.6990 ,70.53
16:02:29.788 33.67 ,907.6012 ,73.65 ,37.21 ,907.6990 ,70.53
16:02:29.821 33.67 ,907.6012 ,73.65 ,37.21 ,907.6990 ,70.53
16:02:29.888 33.75 ,907.4489 ,72.17 ,37.27 ,907.6027 ,69.72
16:02:29.932 33.75 ,907.4489 ,72.17 ,37.27 ,907.6027 ,69.72
16:02:29.937 33.75 ,907.4489 ,72.17 ,37.27 ,907.6027 ,69.72
16:02:29.943 33.77 ,907.4473 ,69.79 ,37.30 ,907.5240 ,68.62
16:02:29.978 33.77 ,907.4473 ,69.79 ,37.30 ,907.5240 ,68.62
16:02:30.019 33.77 ,907.4473 ,69.79 ,37.30 ,907.5240 ,68.62
16:02:30.024 33.77 ,907.4473 ,67.44 ,37.26 ,907.2325 ,67.22
16:02:30.061 33.67 ,907.2594 ,67.44 ,37.26 ,907.2325 ,67.22
16:02:30.106 33.67 ,907.2594 ,67.44 ,37.26 ,907.2325 ,67.22
16:02:30.111 33.67 ,907.2594 ,67.44 ,37.26 ,907.2325 ,67.22
16:02:30.147 33.54 ,907.6766 ,66.02 ,37.17 ,907.8092 ,66.24
16:02:30.187 33.54 ,907.6766 ,66.02 ,37.17 ,907.8092 ,66.24
16:02:30.192 33.54 ,907.6766 ,66.02 ,37.17 ,907.8092 ,66.24
16:02:30.229 33.54 ,907.6766 ,67.55 ,37.17 ,907.8092 ,66.24
16:02:30.268 33.43 ,907.6548 ,67.55 ,37.06 ,907.7489 ,66.88
16:02:30.273 33.43 ,907.6548 ,67.55 ,37.06 ,907.7489 ,66.88
16:02:30.311 33.43 ,907.6548 ,67.55 ,37.06 ,907.7489 ,66.88
16:02:30.358 33.43 ,907.6548 ,69.57 ,37.06 ,907.7489 ,66.88
16:02:30.364 33.41 ,907.6135 ,69.57 ,37.03 ,907.7452 ,67.95
16:02:30.397 33.41 ,907.6135 ,69.57 ,37.03 ,907.7452 ,67.95
16:02:30.439 33.41 ,907.6135 ,69.57 ,37.03 ,907.7452 ,67.95
16:02:30.444 33.48 ,907.6116 ,71.10 ,37.06 ,907.7455 ,68.70
16:02:30.482 33.48 ,907.6116 ,71.10 ,37.06 ,907.7455 ,68.70
16:02:30.603 33.48 ,907.6116 ,71.10 ,37.06 ,907.7455 ,68.70
16:02:30.607 33.48 ,907.6116 ,73.76 ,37.12 ,907.7108 ,69.35
16:02:30.641 33.68 ,907.5695 ,73.76 ,37.19 ,907.7288 ,70.04
16:02:30.672 33.68 ,907.5695 ,73.76 ,37.19 ,907.7288 ,70.04
16:02:30.677 33.68 ,907.5695 ,73.76 ,37.19 ,907.7288 ,70.04
16:02:30.713 33.68 ,907.5695 ,73.76 ,37.19 ,907.7288 ,70.04
16:02:30.754 33.78 ,907.4297 ,72.45 ,37.19 ,907.3747 ,68.91
16:02:30.759 33.78 ,907.4297 ,72.45 ,37.24 ,907.3747 ,68.91
16:02:30.796 33.78 ,907.4297 ,72.45 ,37.24 ,907.3747 ,68.91
16:02:30.833 33.78 ,907.4297 ,72.45 ,37.24 ,907.3747 ,68.91
16:02:30.838 33.80 ,907.4994 ,70.05 ,37.27 ,907.0447 ,67.07
16:02:30.873 33.80 ,907.4994 ,70.05 ,37.27 ,907.0447 ,67.07
16:02:30.907 33.80 ,907.4994 ,70.05 ,37.27 ,907.0447 ,67.07
16:02:30.913 33.80 ,907.4994 ,67.75 ,37.19 ,907.4462 ,65.62
16:02:30.946 33.69 ,907.5751 ,67.75 ,37.19 ,907.4462 ,65.62
16:02:30.988 33.69 ,907.5751 ,67.75 ,37.19 ,907.4462 ,65.62
16:02:30.993 33.69 ,907.5751 ,65.72 ,37.19 ,907.4462 ,65.62
16:02:31.030 33.52 ,907.3752 ,65.72 ,37.05 ,906.9436 ,64.06
16:02:31.070 33.52 ,907.3752 ,65.72 ,37.05 ,906.9436 ,64.06
16:02:31.075 33.52 ,907.3752 ,65.72 ,37.05 ,906.9436 ,64.06
16:02:31.111 33.52 ,907.6128 ,65.73 ,37.05 ,906.9436 ,64.06
16:02:31.156 33.38 ,907.6128 ,65.73 ,36.91 ,907.7510 ,64.41
16:02:31.231 33.38 ,907.6128 ,65.73 ,36.91 ,907.7510 ,64.41
16:02:31.266 33.38 ,907.6128 ,65.73 ,36.91 ,907.7510 ,64.41
16:02:31.291 33.29 ,907.5559 ,67.27 ,36.82 ,907.7416 ,65.28
16:02:31.315 33.29 ,907.5559 ,67.27 ,36.82 ,907.7416 ,65.28
16:02:31.317 33.32 ,907.3743 ,69.89 ,36.82 ,907.7065 ,66.32
16:02:31.324 33.32 ,907.3743 ,69.89 ,36.82 ,907.7065 ,66.32
16:02:31.386 33.32 ,907.3743 ,69.89 ,36.82 ,907.7065 ,66.32
16:02:31.404 33.32 ,907.3743 ,69.89 ,36.82 ,907.7065 ,66.32
16:02:31.410 33.32 ,907.3743 ,71.79 ,36.87 ,907.7491 ,67.16
16:02:31.444 33.41 ,907.5037 ,71.79 ,36.87 ,907.7491 ,67.16
16:02:31.489 33.41 ,907.5037 ,71.79 ,36.87 ,907.7491 ,67.16
16:02:31.494 33.41 ,907.5037 ,72.86 ,36.87 ,907.7491 ,67.16
16:02:31.530 33.54 ,907.6465 ,72.86 ,36.94 ,907.7022 ,67.80
16:02:31.571 33.54 ,907.6465 ,72.86 ,36.94 ,907.7022 ,67.80
16:02:31.576 33.54 ,907.6465 ,72.86 ,36.94 ,907.7022 ,67.80
16:02:31.612 33.67 ,907.4347 ,71.67 ,36.94 ,907.7022 ,67.80
16:02:31.705 33.67 ,907.4347 ,71.67 ,37.03 ,907.3681 ,66.36
16:02:31.708 33.67 ,907.4347 ,69.24 ,37.03 ,907.3681 ,66.36
16:02:31.716 33.70 ,907.6108 ,69.24 ,37.04 ,907.4593 ,64.78
16:02:31.750 33.70 ,907.6108 ,69.24 ,37.04 ,907.4593 ,64.78
16:02:31.790 33.70 ,907.6108 ,69.24 ,37.04 ,907.4593 ,64.78
16:02:31.799 33.70 ,907.6108 ,69.24 ,37.04 ,907.4593 ,64.78
16:02:31.831 33.59 ,907.4564 ,66.82 ,36.96 ,907.4744 ,63.31
16:02:31.946 33.59 ,907.4564 ,66.82 ,36.96 ,907.4744 ,63.31
16:02:31.953 33.59 ,907.4564 ,66.82 ,36.96 ,907.5542 ,61.92
16:02:31.985 33.45 ,907.5719 ,64.67 ,36.85 ,907.5542 ,61.92
16:02:32.027 33.31 ,907.7173 ,62.96 ,36.85 ,907.5542 ,61.92
16:02:32.033 33.31 ,907.7173 ,62.96 ,36.74 ,907.7954 ,61.32
16:02:32.066 33.31 ,907.7173 ,62.96 ,36.74 ,907.7954 ,61.32
16:02:32.107 33.31 ,907.7173 ,62.96 ,36.74 ,907.7954 ,61.32
16:02:32.113 33.20 ,907.7361 ,63.41 ,36.64 ,907.7263 ,61.80
16:02:32.145 33.20 ,907.7361 ,63.41 ,36.64 ,907.7263 ,61.80
16:02:32.192 33.20 ,907.7361 ,63.41 ,36.64 ,907.7263 ,61.80
16:02:32.199 33.20 ,907.7361 ,63.41 ,36.64 ,907.7263 ,61.80
16:02:32.231 33.15 ,907.5725 ,66.03 ,36.62 ,907.7050 ,63.04
16:02:32.275 33.15 ,907.5725 ,66.03 ,36.62 ,907.7050 ,63.04
16:02:32.281 33.15 ,907.5725 ,66.03 ,36.62 ,907.7050 ,63.04
16:02:32.313 33.19 ,907.5909 ,68.19 ,36.62 ,907.7050 ,64.19
16:02:32.353 33.19 ,907.5909 ,68.19 ,36.67 ,907.6932 ,64.19
16:02:32.360 33.19 ,907.5909 ,68.19 ,36.67 ,907.6932 ,64.19
16:02:32.392 33.29 ,907.5400 ,70.46 ,36.67 ,907.6932 ,64.19
16:02:32.433 33.29 ,907.5400 ,70.46 ,36.67 ,907.6932 ,64.19
16:02:32.439 33.29 ,907.5400 ,70.46 ,36.77 ,907.7150 ,65.26
16:02:32.471 33.29 ,907.5400 ,70.46 ,36.77 ,907.7150 ,65.26
16:02:32.541 33.42 ,907.5592 ,72.06 ,36.77 ,907.7150 ,65.26
16:02:32.591 33.42 ,907.5592 ,72.06 ,36.86 ,907.7491 ,66.04
16:02:32.601 33.54 ,907.6359 ,73.30 ,36.86 ,907.7491 ,66.04
16:02:32.604 33.54 ,907.6359 ,73.30 ,36.95 ,907.7285 ,66.89
16:02:32.640 33.54 ,907.6359 ,73.30 ,36.95 ,907.7285 ,66.89
16:02:32.676 33.54 ,907.6359 ,73.30 ,36.95 ,907.7285 ,66.89
16:02:32.681 33.54 ,907.6359 ,73.79 ,36.95 ,907.7285 ,66.89
16:02:32.717 33.66 ,907.6506 ,73.79 ,37.03 ,907.6172 ,66.70
16:02:32.753 33.66 ,907.6506 ,73.79 ,37.03 ,907.6172 ,66.70
16:02:32.758 33.66 ,907.6506 ,71.37 ,37.03 ,907.6172 ,66.70
16:02:32.793 33.73 ,907.4040 ,71.37 ,37.03 ,907.6172 ,66.70
16:02:32.836 33.73 ,907.4040 ,71.37 ,37.03 ,907.6172 ,66.70
16:02:32.841 33.73 ,907.4040 ,71.37 ,37.08 ,907.5001 ,65.00
16:02:32.877 33.67 ,907.4631 ,68.82 ,37.08 ,907.5001 ,65.00
16:02:32.921 33.67 ,907.4631 ,68.82 ,37.08 ,907.5001 ,65.00
16:02:32.926 33.67 ,907.4631 ,68.82 ,37.05 ,907.4961 ,63.48
16:02:32.961 33.67 ,907.4631 ,68.82 ,37.05 ,907.4961 ,63.48
16:02:33.052 33.51 ,907.5076 ,66.51 ,37.05 ,907.4961 ,63.48
16:02:33.055 33.51 ,907.5076 ,66.51 ,36.94 ,907.4373 ,61.94
16:02:33.063 33.36 ,907.4475 ,64.34 ,36.94 ,907.4373 ,61.94
16:02:33.072 33.36 ,907.4475 ,64.34 ,36.94 ,907.4373 ,61.94
16:02:33.108 33.36 ,907.4475 ,64.34 ,36.94 ,907.4373 ,60.67
16:02:33.144 33.36 ,907.4475 ,64.34 ,36.81 ,907.5977 ,60.67
16:02:33.148 33.22 ,907.7012 ,62.72 ,36.81 ,907.5977 ,60.67
16:02:33.184 33.22 ,907.7012 ,62.72 ,36.81 ,907.5977 ,60.67
16:02:33.242 33.22 ,907.7012 ,62.72 ,36.81 ,907.5977 ,60.67
16:02:33.291 33.12 ,907.6708 ,64.33 ,36.70 ,907.7864 ,60.52
16:02:33.316 33.12 ,907.6708 ,64.33 ,36.70 ,907.7864 ,61.57
16:02:33.348 33.12 ,907.6708 ,64.33 ,36.63 ,907.7558 ,61.57
16:02:33.388 33.10 ,907.4263 ,67.77 ,36.63 ,907.7558 ,61.57
16:02:33.397 33.10 ,907.4263 ,67.77 ,36.63 ,907.6228 ,63.00
16:02:33.428 33.10 ,907.4263 ,67.77 ,36.63 ,907.6228 ,63.00
16:02:33.472 33.10 ,907.4263 ,67.77 ,36.63 ,907.6228 ,63.00
16:02:33.478 33.18 ,907.5518 ,70.54 ,36.63 ,907.6228 ,63.00
16:02:33.511 33.18 ,907.5518 ,70.54 ,36.70 ,907.7075 ,64.03
16:02:33.553 33.18 ,907.5518 ,70.54 ,36.70 ,907.7075 ,64.03
16:02:33.559 33.18 ,907.5518 ,70.54 ,36.70 ,907.7075 ,64.03
16:02:33.592 33.31 ,907.6273 ,71.84 ,36.70 ,907.7075 ,64.03
16:02:33.631 33.31 ,907.6273 ,71.84 ,36.80 ,907.7451 ,64.97
16:02:33.637 33.31 ,907.6273 ,71.84 ,36.80 ,907.7451 ,64.97
16:02:33.671 33.44 ,907.6816 ,73.17 ,36.80 ,907.7451 ,64.97
16:02:33.703 33.44 ,907.6816 ,73.17 ,36.80 ,907.7451 ,64.97
16:02:33.709 33.44 ,907.6816 ,73.17 ,36.88 ,907.7455 ,65.81
16:02:33.741 33.44 ,907.6816 ,73.17 ,36.88 ,907.7455 ,65.81
16:02:33.786 33.54 ,907.6678 ,73.70 ,36.88 ,907.7455 ,65.81
16:02:33.792 33.54 ,907.6678 ,73.70 ,36.96 ,907.6234 ,65.59
16:02:33.825 33.54 ,907.6678 ,73.70 ,36.96 ,907.6234 ,65.59
16:02:33.899 33.54 ,907.6678 ,73.70 ,36.96 ,907.6234 ,65.59
16:02:33.950 33.62 ,907.5859 ,71.64 ,37.00 ,907.3925 ,64.17
16:02:33.958 33.62 ,907.5859 ,71.64 ,37.00 ,907.3925 ,64.17
16:02:33.991 33.57 ,906.8557 ,68.83 ,37.00 ,907.3925 ,64.17
16:02:34.034 33.57 ,906.8557 ,68.83 ,36.97 ,907.6252 ,62.59
16:02:34.043 33.57 ,906.8557 ,68.83 ,36.97 ,907.6252 ,62.59
16:02:34.075 33.43 ,907.5397 ,66.57 ,36.97 ,907.6252 ,62.59
16:02:34.122 33.43 ,907.5397 ,66.57 ,36.97 ,907.6252 ,62.59
16:02:34.131 33.43 ,907.5397 ,66.57 ,36.86 ,907.7017 ,61.25
16:02:34.163 33.26 ,907.7502 ,64.68 ,36.86 ,907.7017 ,61.25
16:02:34.202 33.26 ,907.7502 ,64.68 ,36.86 ,907.7017 ,61.25
16:02:34.208 33.26 ,907.7502 ,64.68 ,36.74 ,907.8304 ,60.62
16:02:34.243 33.14 ,907.7933 ,64.24 ,36.74 ,907.8304 ,60.62
16:02:34.333 33.14 ,907.7933 ,64.24 ,36.74 ,907.8304 ,60.62
16:02:34.337 33.14 ,907.7933 ,64.24 ,36.65 ,907.7420 ,61.64
16:02:34.370 33.07 ,907.6291 ,68.19 ,36.65 ,907.7420 ,61.64
16:02:34.417 33.07 ,907.6291 ,68.19 ,36.65 ,907.7420 ,61.64
16:02:34.424 33.07 ,907.6291 ,68.19 ,36.64 ,907.7578 ,62.81
16:02:34.456 33.13 ,907.6586 ,70.22 ,36.64 ,907.7578 ,62.81
16:02:34.498 33.13 ,907.6586 ,70.22 ,36.64 ,907.7578 ,62.81
16:02:34.505 33.13 ,907.6586 ,70.22 ,36.69 ,907.7598 ,63.80
16:02:34.536 33.26 ,907.6792 ,71.67 ,36.69 ,907.7598 ,63.80
16:02:34.645 33.26 ,907.6792 ,71.67 ,36.69 ,907.7598 ,63.80
16:02:34.648 33.26 ,907.6792 ,71.67 ,36.78 ,907.8237 ,64.70
16:02:34.657 33.40 ,907.7122 ,72.71 ,36.78 ,907.8237 ,64.70
16:02:34.690 33.40 ,907.7122 ,72.71 ,36.78 ,907.8237 ,64.70
16:02:34.731 33.40 ,907.7122 ,72.71 ,36.87 ,907.7753 ,65.47
16:02:34.740 33.40 ,907.7122 ,72.71 ,36.87 ,907.7753 ,65.47
16:02:34.772 33.50 ,907.7430 ,72.90 ,36.87 ,907.7753 ,65.47
16:02:34.813 33.50 ,907.7430 ,72.90 ,36.87 ,907.7753 ,65.47
16:02:34.821 33.50 ,907.7430 ,72.90 ,36.95 ,907.5198 ,64.86
16:02:34.852 33.55 ,907.0200 ,70.58 ,36.95 ,907.5198 ,64.86
16:02:34.893 33.55 ,907.0200 ,70.58 ,36.95 ,907.5198 ,64.86
16:02:34.900 33.55 ,907.0200 ,70.58 ,36.97 ,907.6796 ,63.25
16:02:34.933 33.49 ,907.6685 ,68.46 ,36.97 ,907.6796 ,63.25
16:02:34.979 33.49 ,907.6685 ,68.46 ,36.97 ,907.6796 ,63.25
16:02:34.986 33.49 ,907.6685 ,68.46 ,36.90 ,907.5353 ,61.78
16:02:35.018 33.49 ,907.6685 ,68.46 ,36.90 ,907.5353 ,61.78
16:02:35.062 33.35 ,907.5323 ,66.33 ,36.90 ,907.5353 ,61.78
16:02:35.068 33.35 ,907.5323 ,66.33 ,36.90 ,907.5353 ,61.78
16:02:35.102 33.35 ,907.5323 ,66.33 ,36.79 ,907.6361 ,60.35
16:02:35.147 33.35 ,907.5323 ,64.31 ,36.79 ,907.6361 ,60.35
16:02:35.217 33.21 ,907.5684 ,64.31 ,36.79 ,907.6361 ,60.35
16:02:35.247 33.21 ,907.5684 ,64.31 ,36.79 ,907.6361 ,60.35
16:02:35.249 33.21 ,907.5684 ,65.44 ,36.67 ,907.9000 ,60.15
16:02:35.300 33.10 ,907.6456 ,65.44 ,36.67 ,907.9000 ,60.15
16:02:35.302 33.10 ,907.6456 ,65.44 ,36.67 ,907.9000 ,60.15
16:02:35.311 33.10 ,907.6456 ,65.44 ,36.58 ,907.8326 ,61.36
16:02:35.342 33.05 ,907.6605 ,68.13 ,36.58 ,907.8326 ,61.36
16:02:35.384 33.05 ,907.6605 ,68.13 ,36.58 ,907.8326 ,61.36
16:02:35.393 33.05 ,907.6605 ,68.13 ,36.58 ,907.8081 ,62.46
16:02:35.426 33.12 ,907.7628 ,69.92 ,36.59 ,907.8081 ,62.46
16:02:35.471 33.12 ,907.7628 ,69.92 ,36.59 ,907.8081 ,62.46
16:02:35.477 33.12 ,907.7628 ,69.92 ,36.66 ,907.7560 ,63.53
16:02:35.534 33.12 ,907.7628 ,71.77 ,36.66 ,907.7560 ,63.53
16:02:35.544 33.23 ,907.6981 ,71.77 ,36.66 ,907.7560 ,63.53
16:02:35.551 33.23 ,907.6981 ,71.77 ,36.66 ,907.7560 ,63.53
16:02:35.586 33.23 ,907.6981 ,71.77 ,36.66 ,907.7560 ,63.53
16:02:35.677 33.23 ,907.6981 ,71.77 ,36.75 ,907.8164 ,64.47
16:02:35.681 33.36 ,907.7590 ,72.96 ,36.84 ,907.8207 ,65.28
16:02:35.715 33.47 ,907.7780 ,73.65 ,36.84 ,907.8207 ,65.28
16:02:35.763 33.47 ,907.7780 ,73.65 ,36.84 ,907.8207 ,65.28
16:02:35.769 33.47 ,907.7780 ,73.65 ,36.84 ,907.8207 ,65.28
16:02:35.803 33.47 ,907.7780 ,71.19 ,36.92 ,907.4581 ,64.64
16:02:35.842 33.55 ,907.2483 ,71.19 ,36.92 ,907.4581 ,64.64
16:02:35.848 33.55 ,907.2483 ,71.19 ,36.92 ,907.4581 ,64.64
16:02:35.882 33.55 ,907.2483 ,71.19 ,36.92 ,907.4581 ,64.64
16:02:36.005 33.55 ,907.2483 ,71.19 ,36.94 ,907.5987 ,63.72
16:02:36.009 33.50 ,907.4244 ,66.82 ,36.89 ,907.3685 ,62.66
16:02:36.042 33.36 ,907.0087 ,66.82 ,36.89 ,907.3685 ,62.66
16:02:36.086 33.36 ,907.0087 ,66.82 ,36.89 ,907.3685 ,62.66
16:02:36.092 33.36 ,907.0087 ,66.82 ,36.79 ,907.7852 ,61.69
16:02:36.126 33.21 ,907.4977 ,64.98 ,36.79 ,907.7852 ,61.69
16:02:36.172 33.21 ,907.4977 ,64.98 ,36.79 ,907.7852 ,61.69
16:02:36.178 33.21 ,907.4977 ,64.98 ,36.67 ,907.9386 ,61.41
16:02:36.212 33.08 ,907.8201 ,65.09 ,36.67 ,907.9386 ,61.41
16:02:36.253 33.08 ,907.8201 ,65.09 ,36.67 ,907.9386 ,61.41
16:02:36.260 33.08 ,907.8201 ,65.09 ,36.67 ,907.9386 ,61.41
16:02:36.292 33.08 ,907.8201 ,67.83 ,36.57 ,907.9080 ,62.61
16:02:36.337 33.00 ,907.6576 ,67.81 ,36.57 ,907.9080 ,62.61
16:02:36.343 33.00 ,907.6576 ,67.81 ,36.57 ,907.9080 ,62.61
16:02:36.376 33.00 ,907.6576 ,67.81 ,36.57 ,907.9080 ,62.61
16:02:36.417 33.00 ,907.5455 ,70.44 ,36.55 ,908.0059 ,63.57
16:02:36.423 33.05 ,907.5455 ,70.44 ,36.55 ,908.0059 ,63.57
16:02:36.455 33.05 ,907.5455 ,70.44 ,36.55 ,908.0059 ,63.57
16:02:36.488 33.05 ,907.5455 ,70.44 ,36.55 ,908.0059 ,63.57
16:02:36.496 33.05 ,907.4589 ,72.19 ,36.59 ,907.8958 ,64.40
16:02:36.513 33.18 ,907.6492 ,72.19 ,36.59 ,907.8958 ,64.40
16:02:36.564 33.18 ,907.6492 ,72.19 ,36.59 ,907.8958 ,64.40
16:02:36.591 33.18 ,907.6492 ,72.19 ,36.59 ,907.8958 ,65.13
16:02:36.622 33.35 ,907.8014 ,73.12 ,36.66 ,907.8858 ,65.13
16:02:36.662 33.35 ,907.8014 ,73.12 ,36.66 ,907.8858 ,65.13
16:02:36.669 33.35 ,907.8014 ,73.12 ,36.66 ,907.9549 ,65.74
16:02:36.702 33.49 ,907.7798 ,74.12 ,36.73 ,907.9549 ,65.74
16:02:36.744 33.49 ,907.7798 ,74.12 ,36.73 ,907.9549 ,65.74
16:02:36.751 33.49 ,907.7798 ,74.12 ,36.73 ,907.9549 ,65.74
16:02:36.782 33.49 ,907.8328 ,74.89 ,36.79 ,907.8836 ,66.32
16:02:36.829 33.57 ,907.8328 ,74.89 ,36.79 ,907.8836 ,66.32
16:02:36.836 33.57 ,907.8328 ,74.89 ,36.79 ,907.8836 ,66.32
16:02:36.868 33.57 ,907.8328 ,74.89 ,36.79 ,907.8836 ,66.32
16:02:36.966 33.64 ,907.5087 ,73.13 ,36.84 ,907.7383 ,65.58
16:02:36.969 33.64 ,907.5087 ,73.13 ,36.85 ,907.5244 ,64.24
16:02:37.025 33.58 ,907.5836 ,70.52 ,36.85 ,907.5244 ,64.24
16:02:37.046 33.58 ,907.5836 ,70.52 ,36.85 ,907.5244 ,64.24
16:02:37.052 33.58 ,907.5836 ,70.52 ,36.85 ,907.5244 ,64.24
16:02:37.085 33.42 ,907.5078 ,68.15 ,36.78 ,907.5502 ,62.94
16:02:37.130 33.42 ,907.5078 ,68.15 ,36.78 ,907.5502 ,62.94
16:02:37.136 33.42 ,907.5078 ,68.15 ,36.78 ,907.5502 ,62.94
16:02:37.170 33.42 ,907.5078 ,68.15 ,36.78 ,907.5502 ,62.94
16:02:37.287 33.23 ,907.3706 ,65.77 ,36.67 ,907.4495 ,61.74
16:02:37.293 33.23 ,907.3706 ,65.77 ,36.55 ,907.5449 ,60.31
16:02:37.329 33.07 ,907.4363 ,63.58 ,36.55 ,907.5449 ,60.31
16:02:37.372 33.07 ,907.4363 ,63.58 ,36.55 ,907.5449 ,60.31
16:02:37.378 33.07 ,907.4363 ,63.58 ,36.42 ,907.7731 ,59.22
16:02:37.412 32.93 ,907.6487 ,61.83 ,36.42 ,907.7731 ,59.22
16:02:37.445 32.93 ,907.6487 ,61.83 ,36.42 ,907.7731 ,59.22
16:02:37.451 32.93 ,907.6487 ,61.83 ,36.42 ,907.7731 ,59.22
16:02:37.483 32.83 ,907.8194 ,63.07 ,36.32 ,907.9562 ,59.68
16:02:37.526 32.83 ,907.8194 ,63.07 ,36.32 ,907.9562 ,59.68
16:02:37.533 32.83 ,907.8194 ,63.07 ,36.32 ,907.9562 ,59.68
16:02:37.566 32.83 ,907.7214 ,66.25 ,36.32 ,907.9562 ,59.68
16:02:37.612 32.79 ,907.7214 ,66.25 ,36.28 ,907.8840 ,60.85
16:02:37.618 32.79 ,907.7214 ,66.25 ,36.28 ,907.8840 ,60.85
16:02:37.651 32.79 ,907.7214 ,66.25 ,36.28 ,907.8840 ,60.85
16:02:37.692 32.87 ,907.6772 ,69.37 ,36.28 ,907.8840 ,60.85
16:02:37.698 32.87 ,907.6772 ,69.37 ,36.32 ,907.8599 ,61.95
16:02:37.732 32.87 ,907.6772 ,69.37 ,36.32 ,907.8599 ,61.95
16:02:37.778 32.87 ,907.6772 ,69.37 ,36.32 ,907.8599 ,61.95
16:02:37.783 33.02 ,907.6297 ,71.74 ,36.41 ,907.8694 ,63.10
16:02:37.817 33.02 ,907.6297 ,71.74 ,36.41 ,907.8694 ,63.10
16:02:37.873 33.02 ,907.6297 ,71.74 ,36.41 ,907.8694 ,63.10
16:02:37.923 33.02 ,907.6297 ,71.74 ,36.50 ,907.8387 ,64.07
16:02:37.945 33.19 ,907.7166 ,73.26 ,36.50 ,907.8387 ,64.07
16:02:37.947 33.19 ,907.7166 ,74.24 ,36.50 ,907.8387 ,64.07
16:02:37.981 33.36 ,907.7963 ,74.24 ,36.59 ,907.8502 ,64.90
16:02:38.027 33.36 ,907.7963 ,74.24 ,36.59 ,907.8502 ,64.90
16:02:38.033 33.36 ,907.7963 ,74.24 ,36.59 ,907.8502 ,64.90
16:02:38.066 33.49 ,907.5764 ,72.57 ,36.59 ,907.8502 ,64.90
16:02:38.106 33.49 ,907.5764 ,72.57 ,36.67 ,907.5916 ,64.29
16:02:38.112 33.49 ,907.5764 ,72.57 ,36.67 ,907.5916 ,64.29
16:02:38.145 33.49 ,907.5764 ,72.57 ,36.67 ,907.5916 ,64.29
16:02:38.276 33.47 ,907.5474 ,70.39 ,36.67 ,907.5916 ,64.29
16:02:38.280 33.47 ,907.5474 ,70.39 ,36.69 ,907.5460 ,63.50
16:02:38.284 33.30 ,907.5312 ,68.26 ,36.63 ,907.5892 ,62.51
16:02:38.289 33.30 ,907.5312 ,68.26 ,36.63 ,907.5892 ,62.51
16:02:38.326 33.30 ,907.5312 ,68.26 ,36.63 ,907.5892 ,62.51
16:02:38.362 33.30 ,907.5312 ,68.26 ,36.63 ,907.5892 ,62.51
16:02:38.367 33.11 ,907.5450 ,66.19 ,36.52 ,907.4570 ,61.30
16:02:38.403 33.11 ,907.5450 ,66.19 ,36.52 ,907.4570 ,61.30
16:02:38.439 33.11 ,907.5450 ,66.19 ,36.52 ,907.4570 ,61.30
16:02:38.444 33.11 ,907.5450 ,64.25 ,36.52 ,907.4570 ,61.30
16:02:38.480 32.94 ,907.5803 ,64.25 ,36.42 ,907.5873 ,60.20
16:02:38.525 32.94 ,907.5803 ,64.25 ,36.42 ,907.5873 ,60.20
16:02:38.530 32.94 ,907.5803 ,63.38 ,36.42 ,907.5873 ,60.20
16:02:38.619 32.81 ,907.9729 ,63.38 ,36.42 ,907.5873 ,59.80
16:02:38.673 32.81 ,907.9729 ,63.38 ,36.31 ,907.9124 ,59.80
16:02:38.707 32.72 ,907.9161 ,64.67 ,36.24 ,907.8731 ,60.33
16:02:38.742 32.72 ,907.9161 ,64.67 ,36.24 ,907.8731 ,60.33
16:02:38.751 32.72 ,907.7445 ,67.47 ,36.24 ,907.8731 ,61.32
16:02:38.783 32.71 ,907.7372 ,67.47 ,36.24 ,907.8098 ,61.32
16:02:38.826 32.71 ,907.7372 ,67.47 ,36.24 ,907.8098 ,61.32
16:02:38.833 32.71 ,907.7372 ,67.47 ,36.24 ,907.8098 ,61.32
16:02:38.866 32.80 ,907.6599 ,70.32 ,36.29 ,907.7911 ,62.42
16:02:38.909 32.80 ,907.6599 ,70.32 ,36.29 ,907.7911 ,62.42
16:02:38.916 32.80 ,907.6599 ,70.32 ,36.29 ,907.7911 ,62.42
16:02:38.949 32.97 ,907.6867 ,72.56 ,36.29 ,907.7911 ,62.42
16:02:38.997 32.97 ,907.6867 ,72.56 ,36.39 ,907.8692 ,63.30
16:02:39.003 32.97 ,907.6867 ,72.56 ,36.39 ,907.8692 ,63.30
16:02:39.036 33.16 ,907.8204 ,73.97 ,36.39 ,907.8692 ,63.30
16:02:39.078 33.16 ,907.8204 ,73.97 ,36.39 ,907.8692 ,63.30
16:02:39.085 33.16 ,907.8204 ,73.97 ,36.50 ,907.8546 ,64.22
16:02:39.117 33.16 ,907.8204 ,73.97 ,36.50 ,907.8546 ,64.22
16:02:39.176 33.32 ,907.8344 ,74.83 ,36.50 ,907.8546 ,64.22
16:02:39.227 33.32 ,907.8344 ,74.83 ,36.59 ,907.7958 ,64.92
16:02:39.247 33.32 ,907.8344 ,74.83 ,36.59 ,907.7958 ,64.92
16:02:39.252 33.44 ,907.1063 ,72.98 ,36.66 ,907.6544 ,63.77
16:02:39.285 33.44 ,907.1063 ,72.98 ,36.66 ,907.6544 ,63.77
16:02:39.325 33.44 ,907.1063 ,72.98 ,36.66 ,907.6544 ,63.77
16:02:39.330 33.44 ,907.1063 ,70.78 ,36.66 ,907.6544 ,63.77
16:02:39.367 33.43 ,907.6264 ,70.78 ,36.66 ,907.6196 ,62.99
16:02:39.448 33.43 ,907.6264 ,70.78 ,36.66 ,907.6196 ,62.99
16:02:39.450 33.43 ,907.6264 ,68.45 ,36.59 ,907.6906 ,61.93
16:02:39.484 33.27 ,907.4389 ,68.45 ,36.59 ,907.6906 ,61.93
16:02:39.538 33.27 ,907.4389 ,68.45 ,36.59 ,907.6906 ,61.93
16:02:39.541 33.27 ,907.4389 ,66.55 ,36.59 ,907.6906 ,61.28
16:02:39.576 33.10 ,907.8986 ,66.55 ,36.49 ,908.0015 ,61.28
16:02:39.617 33.10 ,907.8986 ,66.55 ,36.49 ,908.0015 ,61.28
16:02:39.622 33.10 ,907.8986 ,71.12 ,36.49 ,908.0015 ,61.28
16:02:39.658 32.95 ,908.1303 ,71.12 ,36.49 ,907.9892 ,62.40
16:02:39.701 32.95 ,908.1303 ,71.12 ,36.41 ,907.8800 ,62.40
16:02:39.707 32.95 ,908.1303 ,72.94 ,36.41 ,907.8800 ,62.40
16:02:39.742 32.90 ,907.9330 ,72.94 ,36.41 ,907.8800 ,62.40
16:02:39.788 32.90 ,907.9330 ,72.94 ,36.41 ,907.9462 ,63.33
16:02:39.794 32.90 ,907.9330 ,72.94 ,36.40 ,907.9462 ,63.33
16:02:39.829 33.00 ,907.8805 ,74.02 ,36.40 ,907.9462 ,63.33
16:02:39.871 33.00 ,907.8805 ,74.02 ,36.40 ,907.9462 ,63.33
16:02:39.876 33.00 ,907.8805 ,74.02 ,36.45 ,907.9731 ,64.18
16:02:39.913 33.00 ,907.8805 ,74.85 ,36.45 ,907.9731 ,64.18
16:02:39.972 33.13 ,907.8992 ,74.85 ,36.45 ,907.9731 ,64.18
16:02:40.020 33.13 ,907.8992 ,74.85 ,36.53 ,907.9478 ,64.70
16:02:40.043 33.13 ,907.8992 ,74.90 ,36.53 ,907.9478 ,64.70
16:02:40.046 33.23 ,907.8608 ,74.92 ,36.59 ,907.8484 ,64.60
16:02:40.084 33.23 ,907.8608 ,74.92 ,36.59 ,907.8484 ,64.60
16:02:40.125 33.23 ,907.8608 ,74.92 ,36.59 ,907.8484 ,64.60
16:02:40.130 33.30 ,907.6906 ,73.00 ,36.59 ,907.8484 ,64.60
16:02:40.166 33.30 ,907.6906 ,73.00 ,36.63 ,907.7017 ,63.28
16:02:40.211 33.30 ,907.6906 ,73.00 ,36.63 ,907.7017 ,63.28
16:02:40.216 33.30 ,907.6906 ,70.36 ,36.63 ,907.7017 ,63.28
16:02:40.264 33.25 ,907.3215 ,70.36 ,36.63 ,907.7017 ,63.28
16:02:40.271 33.25 ,907.3215 ,70.36 ,36.62 ,907.8505 ,62.12
16:02:40.276 33.25 ,907.3215 ,70.36 ,36.62 ,907.8505 ,62.12
16:02:40.312 33.14 ,907.7366 ,68.18 ,36.62 ,907.8505 ,62.12
16:02:40.341 33.14 ,907.7366 ,68.18 ,36.62 ,907.8505 ,62.12
16:02:40.346 33.14 ,907.7366 ,68.18 ,36.53 ,907.8691 ,61.15
16:02:40.381 33.14 ,907.7366 ,68.18 ,36.53 ,907.8691 ,61.15
16:02:40.411 33.14 ,907.7366 ,68.18 ,36.53 ,907.8691 ,61.15
16:02:40.416 33.00 ,907.8840 ,66.75 ,36.53 ,907.8691 ,61.15
16:02:40.463 33.00 ,907.8840 ,66.75 ,36.53 ,907.8691 ,60.78
16:02:40.532 33.00 ,907.8840 ,66.75 ,36.44 ,907.9994 ,60.78
16:02:40.536 33.00 ,907.8840 ,68.40 ,36.38 ,907.9655 ,61.55
16:02:40.571 32.89 ,907.9771 ,68.40 ,36.38 ,907.9655 ,61.55
16:02:40.704 32.89 ,907.9771 ,68.40 ,36.38 ,907.9655 ,61.55
16:02:40.706 32.87 ,908.0486 ,72.04 ,36.37 ,907.9758 ,62.56
16:02:40.712 32.87 ,908.0486 ,72.04 ,36.37 ,907.9758 ,62.56
16:02:40.725 32.96 ,907.9219 ,74.15 ,36.37 ,907.9758 ,62.56
16:02:40.742 32.96 ,907.9219 ,74.15 ,36.42 ,907.9588 ,63.60
16:02:40.780 32.96 ,907.9219 ,74.15 ,36.42 ,907.9588 ,63.60
16:02:40.813 33.10 ,907.8792 ,75.15 ,36.42 ,907.9588 ,63.60
16:02:40.847 33.10 ,907.8792 ,75.15 ,36.42 ,907.9588 ,63.60
16:02:40.893 33.10 ,907.8792 ,75.15 ,36.49 ,907.9524 ,64.23
16:02:40.901 33.10 ,907.8792 ,75.15 ,36.49 ,907.9524 ,64.23
16:02:40.934 33.23 ,907.9422 ,75.40 ,36.49 ,907.9524 ,64.23
16:02:40.983 33.23 ,907.9422 ,75.40 ,36.57 ,907.8606 ,64.40
16:02:40.990 33.23 ,907.9422 ,75.40 ,36.57 ,907.8606 ,64.40
16:02:41.022 33.31 ,907.5955 ,74.06 ,36.57 ,907.8606 ,64.40
16:02:41.101 33.31 ,907.5955 ,74.06 ,36.57 ,907.8606 ,64.40
16:02:41.105 33.31 ,907.5955 ,74.06 ,36.63 ,907.7070 ,63.00
16:02:41.138 33.28 ,907.5611 ,72.08 ,36.63 ,907.7070 ,63.00
16:02:41.186 33.28 ,907.5611 ,72.08 ,36.60 ,907.4017 ,61.46
16:02:41.192 33.28 ,907.5611 ,72.08 ,36.60 ,907.4017 ,61.46
16:02:41.225 33.16 ,907.5975 ,69.77 ,36.60 ,907.4017 ,61.46
16:02:41.286 33.16 ,907.5975 ,69.77 ,36.60 ,907.4017 ,61.46
16:02:41.350 33.16 ,907.5975 ,69.77 ,36.51 ,907.6831 ,60.07
16:02:41.355 33.01 ,907.7516 ,67.56 ,36.51 ,907.6831 ,60.07
16:02:41.360 33.01 ,907.7516 ,65.61 ,36.40 ,907.8323 ,58.67
16:02:41.397 32.87 ,907.9778 ,65.61 ,36.40 ,907.8323 ,58.67
16:02:41.437 32.87 ,907.9778 ,65.61 ,36.40 ,907.8323 ,58.67
16:02:41.443 32.87 ,907.9778 ,65.61 ,36.28 ,908.0417 ,58.34
16:02:41.477 32.87 ,907.9778 ,66.30 ,36.28 ,908.0417 ,58.34
16:02:41.512 32.76 ,908.0406 ,66.30 ,36.28 ,908.0417 ,58.34
16:02:41.518 32.76 ,908.0406 ,66.30 ,36.28 ,908.0417 ,58.34
16:02:41.553 32.76 ,908.0406 ,66.30 ,36.21 ,907.8745 ,59.46
16:02:41.594 32.76 ,908.0406 ,66.30 ,36.21 ,907.8745 ,59.46
16:02:41.603 32.71 ,907.7177 ,69.86 ,36.21 ,907.8745 ,59.46
16:02:41.616 32.71 ,907.7177 ,69.86 ,36.21 ,907.8745 ,59.46
16:02:41.652 32.71 ,907.7177 ,69.86 ,36.20 ,907.8410 ,60.85
16:02:41.688 32.71 ,907.7177 ,69.86 ,36.20 ,907.8410 ,60.85
16:02:41.694 32.77 ,907.6625 ,73.22 ,36.20 ,907.8410 ,60.85
16:02:41.726 32.77 ,907.6625 ,73.22 ,36.20 ,907.8410 ,60.85
16:02:41.793 32.77 ,907.6625 ,73.22 ,36.24 ,907.8748 ,62.13
16:02:41.844 32.77 ,907.6625 ,73.22 ,36.24 ,907.8748 ,62.13
16:02:41.858 32.91 ,907.7704 ,75.18 ,36.24 ,907.8748 ,62.13
16:02:41.862 32.91 ,907.7704 ,76.13 ,36.32 ,907.9666 ,63.07
16:02:41.897 33.09 ,907.8875 ,76.13 ,36.32 ,907.9666 ,63.07
16:02:41.998 33.09 ,907.8875 ,76.13 ,36.32 ,907.9666 ,63.07
16:02:42.001 33.09 ,907.8875 ,76.23 ,36.41 ,907.9746 ,63.88
16:02:42.008 33.24 ,907.8945 ,76.23 ,36.41 ,907.9746 ,63.88
16:02:42.041 33.24 ,907.8945 ,76.23 ,36.50 ,907.7900 ,63.18
16:02:42.082 33.24 ,907.8945 ,76.23 ,36.50 ,907.7900 ,63.18
16:02:42.092 33.34 ,907.7250 ,73.90 ,36.50 ,907.7900 ,63.18
16:02:42.123 33.34 ,907.7250 ,73.90 ,36.50 ,907.7900 ,63.18
16:02:42.167 33.34 ,907.7250 ,73.90 ,36.53 ,907.8005 ,61.95
16:02:42.175 33.34 ,907.7250 ,73.90 ,36.53 ,907.8005 ,61.95
16:02:42.208 33.28 ,907.7433 ,71.78 ,36.53 ,907.8005 ,61.95
16:02:42.251 33.28 ,907.7433 ,71.78 ,36.53 ,907.8005 ,61.95
16:02:42.257 33.28 ,907.7433 ,71.78 ,36.49 ,907.7281 ,60.54
16:02:42.290 33.14 ,907.6730 ,69.50 ,36.49 ,907.7281 ,60.54
16:02:42.332 33.14 ,907.6730 ,69.50 ,36.49 ,907.7281 ,60.54
16:02:42.339 33.14 ,907.6730 ,69.50 ,36.41 ,907.6066 ,59.46
16:02:42.373 32.97 ,907.3969 ,67.27 ,36.41 ,907.6066 ,59.46
16:02:42.413 32.97 ,907.3969 ,67.27 ,36.41 ,907.6066 ,59.46
16:02:42.421 32.97 ,907.3969 ,67.27 ,36.30 ,907.5950 ,58.45
16:02:42.454 32.97 ,907.5775 ,65.23 ,36.30 ,907.5950 ,58.45
16:02:42.489 32.83 ,907.5775 ,65.23 ,36.30 ,907.5950 ,58.45
16:02:42.496 32.83 ,907.5775 ,65.23 ,36.30 ,907.5950 ,58.45
16:02:42.529 32.83 ,907.5775 ,65.23 ,36.30 ,907.5950 ,58.45
16:02:42.588 32.83 ,907.5775 ,65.23 ,36.22 ,907.9832 ,57.49
16:02:42.638 32.71 ,908.0236 ,63.97 ,36.22 ,907.9832 ,57.49
16:02:42.657 32.71 ,908.0236 ,63.97 ,36.22 ,907.9832 ,57.49
16:02:42.661 32.71 ,908.0236 ,65.80 ,36.15 ,908.0316 ,57.83
16:02:42.696 32.62 ,907.9808 ,65.80 ,36.15 ,908.0316 ,57.83
16:02:42.743 32.62 ,907.9808 ,65.80 ,36.15 ,908.0316 ,57.83
16:02:42.750 32.62 ,907.9808 ,70.16 ,36.12 ,907.9052 ,59.13
16:02:42.782 32.61 ,907.8585 ,70.16 ,36.12 ,907.9052 ,59.13
16:02:42.827 32.61 ,907.8585 ,70.16 ,36.12 ,907.9052 ,59.13
16:02:42.832 32.61 ,907.8585 ,73.09 ,36.16 ,907.8739 ,60.61
16:02:42.867 32.73 ,907.9056 ,73.09 ,36.16 ,907.8739 ,60.61
16:02:42.912 32.73 ,907.9056 ,73.09 ,36.16 ,907.8739 ,60.61
16:02:42.918 32.73 ,907.9056 ,73.09 ,36.27 ,907.8276 ,61.80
16:02:42.953 32.89 ,907.7878 ,75.17 ,36.27 ,907.8276 ,61.80
16:02:42.993 32.89 ,907.7878 ,75.17 ,36.27 ,907.8276 ,61.80
16:02:42.998 32.89 ,907.7878 ,75.17 ,36.27 ,907.8276 ,61.80
16:02:43.035 32.89 ,907.7878 ,75.17 ,36.38 ,908.0181 ,62.91
16:02:43.096 33.07 ,907.9155 ,76.10 ,36.38 ,908.0181 ,62.91
16:02:43.149 33.07 ,907.9155 ,76.10 ,36.38 ,908.0181 ,62.91
16:02:43.216 33.07 ,907.9155 ,76.10 ,36.49 ,908.0418 ,63.89
16:02:43.217 33.21 ,907.9576 ,76.90 ,36.49 ,908.0418 ,63.89
16:02:43.226 33.21 ,907.9576 ,76.90 ,36.49 ,908.0418 ,64.46
16:02:43.260 33.32 ,907.8611 ,76.31 ,36.58 ,907.9221 ,64.46
16:02:43.304 33.32 ,907.8611 ,76.31 ,36.58 ,907.9221 ,64.46
16:02:43.313 33.32 ,907.8611 ,76.31 ,36.58 ,907.8069 ,63.30
16:02:43.345 33.37 ,907.8143 ,73.42 ,36.66 ,907.8069 ,63.30
16:02:43.382 33.37 ,907.8143 ,73.42 ,36.66 ,907.8069 ,63.30
16:02:43.388 33.37 ,907.8143 ,73.42 ,36.66 ,907.8069 ,63.30
16:02:43.422 33.37 ,907.8143 ,73.42 ,36.66 ,907.8069 ,63.30
16:02:43.454 33.24 ,907.9088 ,70.98 ,36.65 ,907.8805 ,62.24
16:02:43.460 33.24 ,907.9088 ,70.98 ,36.65 ,907.8805 ,62.24
16:02:43.493 33.24 ,907.9088 ,70.98 ,36.65 ,907.8805 ,62.24
16:02:43.536 33.24 ,907.9088 ,70.98 ,36.65 ,907.8805 ,62.24
16:02:43.541 33.24 ,907.9088 ,70.98 ,36.57 ,907.8028 ,61.10
16:02:43.573 33.07 ,907.8607 ,68.71 ,36.57 ,907.8028 ,61.10
16:02:43.620 33.07 ,907.8607 ,68.71 ,36.57 ,907.8028 ,61.10
16:02:43.627 33.07 ,907.8607 ,68.71 ,36.45 ,907.8400 ,59.82
16:02:43.660 32.90 ,907.8517 ,66.38 ,36.45 ,907.8400 ,59.82
16:02:43.703 32.90 ,907.8517 ,66.38 ,36.45 ,907.8400 ,59.82
16:02:43.710 32.90 ,907.8517 ,66.38 ,36.34 ,907.8408 ,60.27
16:02:43.744 32.78 ,907.9334 ,70.52 ,36.34 ,907.8408 ,60.27
16:02:43.788 32.78 ,907.9334 ,70.52 ,36.34 ,907.8408 ,60.27
16:02:43.795 32.78 ,907.9334 ,70.52 ,36.34 ,907.8408 ,60.27
16:02:43.828 32.74 ,907.8423 ,73.15 ,36.27 ,907.9713 ,61.43
16:02:43.889 32.74 ,907.8423 ,73.15 ,36.27 ,907.9713 ,61.43
16:02:43.940 32.74 ,907.8423 ,73.15 ,36.27 ,907.9713 ,61.43
16:02:43.956 32.86 ,907.9103 ,74.59 ,36.29 ,908.0172 ,62.40
16:02:43.960 32.86 ,907.9103 ,74.59 ,36.29 ,908.0172 ,62.40
16:02:43.996 32.86 ,907.9103 ,74.59 ,36.29 ,908.0172 ,62.40
16:02:44.042 32.86 ,907.9103 ,74.59 ,36.29 ,908.0172 ,62.40
16:02:44.050 33.03 ,907.9871 ,75.41 ,36.36 ,908.0616 ,63.25
16:02:44.083 33.03 ,907.9871 ,75.41 ,36.36 ,908.0616 ,63.25
16:02:44.128 33.03 ,907.9871 ,75.41 ,36.36 ,908.0616 ,63.25
16:02:44.133 33.17 ,908.0151 ,76.08 ,36.45 ,908.0888 ,64.09
16:02:44.169 33.17 ,908.0151 ,76.08 ,36.45 ,908.0888 ,64.09
16:02:44.212 33.17 ,908.0151 ,76.08 ,36.45 ,908.0888 ,64.09
16:02:44.217 33.17 ,908.0151 ,74.56 ,36.52 ,907.8145 ,63.66
16:02:44.253 33.27 ,907.8245 ,74.56 ,36.52 ,907.8145 ,63.66
16:02:44.303 33.27 ,907.8245 ,74.56 ,36.52 ,907.8145 ,63.66
16:02:44.309 33.27 ,907.8245 ,71.88 ,36.56 ,907.6378 ,62.35
16:02:44.346 33.27 ,907.7839 ,71.88 ,36.56 ,907.6378 ,62.35
16:02:44.446 33.27 ,907.7839 ,71.88 ,36.56 ,907.6378 ,62.35
16:02:44.451 33.27 ,907.7839 ,69.27 ,36.51 ,907.5044 ,60.85
16:02:44.488 33.16 ,907.6417 ,69.27 ,36.51 ,907.5044 ,60.85
16:02:44.529 33.16 ,907.6417 ,69.27 ,36.51 ,907.5044 ,60.85
16:02:44.535 33.00 ,907.9655 ,67.00 ,36.40 ,907.9147 ,59.68
16:02:44.571 33.00 ,907.9655 ,67.00 ,36.40 ,907.9147 ,59.68
16:02:44.616 33.00 ,907.9655 ,67.00 ,36.40 ,907.9147 ,59.68
16:02:44.623 33.00 ,907.9655 ,66.14 ,36.28 ,908.1555 ,59.18
16:02:44.658 32.86 ,908.1758 ,66.14 ,36.28 ,908.1555 ,59.18
16:02:44.700 32.86 ,908.1758 ,66.14 ,36.28 ,908.1555 ,59.18
16:02:44.707 32.86 ,908.1758 ,68.48 ,36.19 ,908.0425 ,60.18
16:02:44.742 32.77 ,908.0020 ,68.48 ,36.19 ,908.0425 ,60.18
16:02:44.784 32.77 ,908.0020 ,68.48 ,36.19 ,908.0425 ,60.18
16:02:44.790 32.77 ,908.0020 ,71.45 ,36.19 ,908.0425 ,60.18
16:02:44.826 32.80 ,907.9020 ,71.45 ,36.19 ,908.0442 ,61.37
16:02:44.869 32.80 ,907.9020 ,71.45 ,36.19 ,908.0442 ,61.37
16:02:44.875 32.80 ,907.9020 ,71.45 ,36.19 ,908.0442 ,61.37
16:02:44.910 32.91 ,907.9739 ,73.13 ,36.19 ,908.0442 ,61.37
16:02:44.951 32.91 ,907.9739 ,73.13 ,36.25 ,908.0834 ,62.31
16:02:44.956 32.91 ,907.9739 ,73.13 ,36.25 ,908.0834 ,62.31
16:02:44.993 32.91 ,907.9739 ,73.13 ,36.25 ,908.0834 ,62.31
16:02:45.036 33.07 ,908.0252 ,74.33 ,36.25 ,908.0834 ,62.31
16:02:45.042 33.07 ,908.0252 ,74.33 ,36.33 ,908.1016 ,63.17
16:02:45.078 33.07 ,908.0252 ,74.33 ,36.33 ,908.1016 ,63.17
16:02:45.115 33.07 ,908.0252 ,73.62 ,36.33 ,908.1016 ,63.17
16:02:45.122 33.21 ,907.7383 ,73.62 ,36.43 ,907.5715 ,62.76
16:02:45.155 33.21 ,907.7383 ,73.62 ,36.43 ,907.5715 ,62.76
16:02:45.206 33.21 ,907.7383 ,73.62 ,36.43 ,907.5715 ,62.76
16:02:45.255 33.21 ,907.7383 ,71.17 ,36.46 ,907.6401 ,61.10
16:02:45.276 33.26 ,907.0759 ,71.17 ,36.46 ,907.6401 ,61.10
16:02:45.308 33.14 ,906.9724 ,69.05 ,36.46 ,907.6401 ,61.10
16:02:45.356 33.14 ,906.9724 ,69.05 ,36.39 ,907.4451 ,59.53
16:02:45.365 33.14 ,906.9724 ,69.05 ,36.39 ,907.4451 ,59.53
16:02:45.398 32.98 ,908.2035 ,67.77 ,36.39 ,907.4451 ,59.53
16:02:45.444 32.98 ,908.2035 ,67.77 ,36.26 ,908.1885 ,59.04
16:02:45.451 32.98 ,908.2035 ,67.77 ,36.26 ,908.1885 ,59.04
16:02:45.483 32.98 ,908.2035 ,68.70 ,36.26 ,908.1885 ,59.04
16:02:45.527 32.83 ,908.2070 ,68.69 ,36.26 ,908.1885 ,59.04
16:02:45.533 32.83 ,908.2070 ,68.69 ,36.16 ,908.1664 ,59.59
16:02:45.567 32.83 ,908.2070 ,68.69 ,36.16 ,908.1664 ,59.59
16:02:45.609 32.83 ,908.2495 ,69.22 ,36.16 ,908.1664 ,59.59
16:02:45.616 32.79 ,908.1847 ,69.22 ,36.12 ,908.1591 ,60.20
16:02:45.649 32.79 ,908.1847 ,69.22 ,36.12 ,908.1591 ,60.20
16:02:45.709 32.79 ,908.1847 ,69.22 ,36.12 ,908.1591 ,60.20
16:02:45.761 32.79 ,908.0628 ,71.12 ,36.13 ,908.0856 ,61.17
16:02:45.832 32.79 ,908.0628 ,71.12 ,36.13 ,908.0856 ,61.17
16:02:45.835 32.79 ,908.0628 ,74.50 ,36.17 ,908.1437 ,62.18
16:02:45.843 32.83 ,908.0404 ,74.50 ,36.17 ,908.1437 ,62.18
16:02:45.876 32.83 ,908.0404 ,76.78 ,36.17 ,908.1437 ,62.18
16:02:45.922 32.94 ,908.0312 ,76.79 ,36.17 ,908.1437 ,62.18
16:02:45.931 32.94 ,908.0312 ,76.79 ,36.24 ,908.1394 ,63.13
16:02:45.963 32.94 ,908.0312 ,76.79 ,36.24 ,908.1394 ,63.13
16:02:46.007 33.09 ,908.0469 ,77.74 ,36.24 ,908.1394 ,63.13
16:02:46.015 33.09 ,908.0469 ,77.74 ,36.24 ,908.1295 ,63.89
16:02:46.049 33.09 ,908.0469 ,77.74 ,36.32 ,908.1295 ,63.89
16:02:46.068 33.09 ,908.0469 ,77.74 ,36.32 ,908.1295 ,63.89
16:02:46.074 33.23 ,907.9333 ,77.27 ,36.32 ,908.1295 ,63.89
16:02:46.106 33.23 ,907.9333 ,77.27 ,36.40 ,907.9042 ,63.71
16:02:46.119 33.23 ,907.9333 ,77.27 ,36.40 ,907.9042 ,63.71
16:02:46.124 33.23 ,907.9333 ,77.27 ,36.40 ,907.9042 ,63.71
16:02:46.158 33.23 ,907.9333 ,77.27 ,36.40 ,907.9042 ,63.71
16:02:46.169 33.32 ,907.7619 ,74.88 ,36.40 ,907.9042 ,63.71
16:02:46.176 33.32 ,907.7619 ,74.88 ,36.40 ,907.9042 ,63.71
16:02:46.210 33.32 ,907.7619 ,74.88 ,36.45 ,907.8995 ,63.07
16:02:46.222 33.32 ,907.7619 ,74.88 ,36.45 ,907.8995 ,63.07
16:02:46.227 33.32 ,907.7619 ,74.88 ,36.45 ,907.8995 ,63.07
16:02:46.264 33.32 ,907.7619 ,74.88 ,36.45 ,907.8995 ,63.07
16:02:46.272 33.25 ,907.7053 ,72.62 ,36.45 ,907.8995 ,63.07
16:02:46.277 33.25 ,907.7053 ,72.62 ,36.45 ,907.8995 ,63.07
16:02:46.313 33.25 ,907.7053 ,72.62 ,36.42 ,907.8326 ,62.31
16:02:46.322 33.25 ,907.7053 ,72.62 ,36.42 ,907.8326 ,62.31
16:02:46.327 33.25 ,907.7053 ,72.62 ,36.42 ,907.8326 ,62.31
16:02:46.363 33.25 ,907.7053 ,70.67 ,36.42 ,907.8326 ,62.31
16:02:46.373 33.10 ,907.6617 ,70.67 ,36.42 ,907.8326 ,62.31
16:02:46.379 33.10 ,907.6617 ,70.67 ,36.42 ,907.8326 ,62.31
16:02:46.417 33.10 ,907.6617 ,70.67 ,36.34 ,907.7830 ,61.07
16:02:46.429 33.10 ,907.6617 ,70.67 ,36.34 ,907.7830 ,61.07
16:02:46.463 33.10 ,907.6617 ,70.67 ,36.34 ,907.7830 ,61.07
16:02:46.482 32.96 ,907.9377 ,68.68 ,36.34 ,907.7830 ,61.07
16:02:46.518 32.96 ,907.9377 ,68.68 ,36.34 ,907.7830 ,60.12
16:02:46.532 32.96 ,907.9377 ,68.68 ,36.24 ,908.2148 ,60.12
16:02:46.573 32.96 ,907.9377 ,68.68 ,36.24 ,908.2148 ,60.12
16:02:46.602 32.83 ,908.2087 ,68.95 ,36.24 ,908.2148 ,60.12
16:02:46.606 32.83 ,908.2087 ,68.95 ,36.24 ,908.2148 ,60.58
16:02:46.624 32.83 ,908.2087 ,68.95 ,36.16 ,908.1909 ,60.58
16:02:46.628 32.83 ,908.2087 ,68.95 ,36.16 ,908.1909 ,60.58
16:02:46.662 32.77 ,908.1292 ,71.27 ,36.16 ,908.1909 ,60.58
16:02:46.676 32.77 ,908.1292 ,71.27 ,36.16 ,908.1909 ,60.58
16:02:46.681 32.77 ,908.1292 ,71.27 ,36.16 ,908.1609 ,61.42
16:02:46.717 32.77 ,908.1292 ,71.27 ,36.13 ,908.1609 ,61.42
16:02:46.726 32.77 ,908.1292 ,71.27 ,36.13 ,908.1609 ,61.42
16:02:46.732 32.77 ,908.1292 ,71.27 ,36.13 ,908.1609 ,61.42
16:02:46.767 32.81 ,908.0453 ,73.80 ,36.13 ,908.1609 ,61.42
16:02:46.781 32.81 ,908.0453 ,73.80 ,36.13 ,908.1609 ,61.42
16:02:46.815 32.81 ,908.0453 ,73.80 ,36.16 ,908.1489 ,62.36
16:02:46.827 32.81 ,908.0453 ,73.80 ,36.16 ,908.1489 ,62.36
16:02:46.836 32.81 ,908.0453 ,73.80 ,36.16 ,908.1489 ,62.36
16:02:46.868 32.91 ,908.0323 ,75.82 ,36.16 ,908.1489 ,62.36
16:02:46.877 32.91 ,908.0323 ,75.82 ,36.16 ,908.1489 ,62.36
16:02:46.883 32.91 ,908.0323 ,75.82 ,36.23 ,908.1724 ,63.22
16:02:46.920 32.91 ,908.0323 ,75.82 ,36.23 ,908.1724 ,63.22
16:02:46.965 32.91 ,908.0323 ,75.82 ,36.23 ,908.1724 ,63.22
16:02:46.971 32.91 ,907.8766 ,77.43 ,36.23 ,908.1724 ,63.22
16:02:47.005 33.05 ,908.0673 ,77.43 ,36.31 ,908.1488 ,64.09
16:02:47.082 33.05 ,908.0673 ,77.43 ,36.31 ,908.1488 ,64.09
16:02:47.112 33.05 ,908.0673 ,77.43 ,36.39 ,908.1583 ,64.82
16:02:47.117 33.18 ,908.0667 ,78.55 ,36.39 ,908.1583 ,64.82
16:02:47.122 33.18 ,908.0667 ,78.55 ,36.39 ,908.1583 ,64.82
16:02:47.160 33.30 ,908.0941 ,78.98 ,36.39 ,908.1583 ,64.82
16:02:47.178 33.30 ,908.0941 ,78.98 ,36.39 ,908.1583 ,64.82
16:02:47.184 33.30 ,908.0941 ,78.98 ,36.46 ,908.0923 ,65.42
16:02:47.217 33.30 ,908.0941 ,78.98 ,36.46 ,908.0923 ,65.42
16:02:47.228 33.30 ,908.0941 ,78.98 ,36.46 ,908.0923 ,65.42
16:02:47.233 33.41 ,907.6878 ,77.52 ,36.46 ,908.0923 ,65.42
16:02:47.270 33.41 ,907.6878 ,77.52 ,36.46 ,908.0923 ,65.42
16:02:47.281 33.41 ,907.6878 ,77.52 ,36.46 ,908.0923 ,65.42
16:02:47.287 33.41 ,907.6878 ,77.52 ,36.52 ,907.9074 ,64.93
16:02:47.326 33.41 ,907.6878 ,77.52 ,36.52 ,907.9074 ,64.93
16:02:47.347 33.41 ,907.6878 ,77.52 ,36.52 ,907.9074 ,64.93
16:02:47.381 33.42 ,907.6884 ,75.89 ,36.52 ,907.9074 ,64.93
16:02:47.393 33.42 ,907.6884 ,75.89 ,36.53 ,907.8270 ,64.27
16:02:47.402 33.42 ,907.6884 ,75.89 ,36.53 ,907.8270 ,64.27
16:02:47.435 33.42 ,907.6884 ,75.89 ,36.53 ,907.8270 ,64.27
16:02:47.446 33.31 ,907.5438 ,73.97 ,36.53 ,907.8270 ,64.27
16:02:47.451 33.31 ,907.5438 ,73.97 ,36.53 ,907.8270 ,64.27
16:02:47.484 33.31 ,907.5438 ,73.97 ,36.53 ,907.8270 ,64.27
16:02:47.496 33.31 ,907.5438 ,73.97 ,36.49 ,907.8840 ,63.56
16:02:47.501 33.31 ,907.5438 ,73.97 ,36.49 ,907.8840 ,63.56
16:02:47.534 33.31 ,907.5438 ,73.97 ,36.49 ,907.8840 ,63.56
16:02:47.545 33.15 ,907.7759 ,72.13 ,36.49 ,907.8840 ,63.56
16:02:47.551 33.15 ,907.7759 ,72.13 ,36.49 ,907.8840 ,63.56
16:02:47.588 33.15 ,907.7759 ,72.13 ,36.49 ,907.8840 ,63.56
16:02:47.597 33.15 ,907.7759 ,72.13 ,36.41 ,908.1166 ,62.99
16:02:47.602 33.15 ,907.7759 ,72.13 ,36.41 ,908.1166 ,62.99
16:02:47.638 33.15 ,908.2978 ,71.34 ,36.41 ,908.1166 ,62.99
16:02:47.658 32.99 ,908.2978 ,71.34 ,36.41 ,908.1166 ,62.99
16:02:47.664 32.99 ,908.2978 ,71.34 ,36.41 ,908.1166 ,62.99
16:02:47.698 32.99 ,908.2978 ,71.34 ,36.33 ,908.2296 ,63.35
16:02:47.709 32.99 ,908.2978 ,71.34 ,36.33 ,908.2296 ,63.35
16:02:47.714 32.99 ,908.2978 ,71.34 ,36.33 ,908.2296 ,63.35
16:02:47.750 32.88 ,908.0911 ,75.79 ,36.33 ,908.2296 ,63.35
16:02:47.759 32.88 ,908.0911 ,75.79 ,36.33 ,908.2296 ,63.35
16:02:47.764 32.88 ,908.0911 ,75.79 ,36.33 ,908.2296 ,63.35
16:02:47.802 32.88 ,908.0911 ,75.79 ,36.29 ,908.2115 ,64.28
16:02:47.813 32.88 ,908.0911 ,75.79 ,36.29 ,908.2115 ,64.28
16:02:47.858 32.89 ,908.0052 ,79.36 ,36.29 ,908.2115 ,64.28
16:02:47.891 32.89 ,908.0052 ,79.36 ,36.29 ,908.2115 ,64.28
16:02:47.912 32.89 ,908.0052 ,79.36 ,36.29 ,908.2115 ,65.09
16:02:47.944 33.03 ,908.0490 ,80.01 ,36.32 ,908.1769 ,65.09
16:02:47.959 33.03 ,908.0490 ,80.01 ,36.32 ,908.1769 ,65.09
16:02:47.968 33.03 ,908.0490 ,80.01 ,36.32 ,908.1769 ,65.09
16:02:48.002 33.03 ,908.0490 ,80.01 ,36.38 ,908.2249 ,65.73
16:02:48.021 33.03 ,908.0490 ,80.01 ,36.38 ,908.2249 ,65.73
16:02:48.027 33.18 ,908.1322 ,80.22 ,36.38 ,908.2249 ,65.73
16:02:48.063 33.18 ,908.1322 ,80.22 ,36.38 ,908.2249 ,65.73
16:02:48.072 33.18 ,908.1322 ,80.22 ,36.38 ,908.2249 ,65.73
16:02:48.078 33.18 ,908.1322 ,80.22 ,36.44 ,908.1817 ,66.15
16:02:48.114 33.18 ,908.1322 ,80.22 ,36.44 ,908.1817 ,66.15
16:02:48.127 33.31 ,908.0358 ,79.06 ,36.44 ,908.1817 ,66.15
16:02:48.160 33.31 ,908.0358 ,79.06 ,36.44 ,908.1817 ,66.15
16:02:48.223 33.31 ,908.0358 ,79.06 ,36.44 ,908.1817 ,66.15
16:02:48.234 33.31 ,908.0358 ,79.06 ,36.50 ,908.0228 ,65.65
16:02:48.244 33.35 ,908.0031 ,76.97 ,36.50 ,908.0228 ,65.65
16:02:48.282 33.35 ,908.0031 ,76.97 ,36.50 ,908.0228 ,65.65
16:02:48.294 33.35 ,908.0031 ,76.97 ,36.51 ,908.0511 ,64.73
16:02:48.303 33.35 ,908.0031 ,76.97 ,36.51 ,908.0511 ,64.73
16:02:48.336 33.26 ,908.1129 ,75.09 ,36.51 ,908.0511 ,64.73
16:02:48.346 33.26 ,908.1129 ,75.09 ,36.51 ,908.0511 ,64.73
16:02:48.353 33.26 ,908.1129 ,75.09 ,36.51 ,908.0511 ,64.73
16:02:48.387 33.26 ,908.1129 ,75.09 ,36.48 ,908.2381 ,63.96
16:02:48.472 33.26 ,908.1129 ,75.09 ,36.48 ,908.2381 ,63.96
16:02:48.489 33.14 ,908.2656 ,74.12 ,36.41 ,908.2550 ,63.93
16:02:48.493 33.14 ,908.2656 ,74.12 ,36.41 ,908.2550 ,63.93
16:02:48.530 33.03 ,908.2880 ,73.96 ,36.41 ,908.2550 ,63.93
16:02:48.543 33.03 ,908.2880 ,73.96 ,36.41 ,908.2550 ,63.93
16:02:48.552 33.03 ,908.2880 ,73.96 ,36.41 ,908.2550 ,63.93
16:02:48.585 33.03 ,908.2880 ,73.96 ,36.41 ,908.2369 ,64.02
16:02:48.625 33.03 ,908.2880 ,73.96 ,36.37 ,908.2369 ,64.02
16:02:48.632 32.98 ,908.2353 ,73.99 ,36.37 ,908.2369 ,64.02
16:02:48.665 32.98 ,908.2353 ,73.99 ,36.37 ,908.2369 ,64.02
16:02:48.680 32.98 ,908.2353 ,73.99 ,36.37 ,908.2369 ,64.31
16:02:48.686 32.98 ,908.2353 ,73.99 ,36.36 ,908.2070 ,64.31
16:02:48.720 32.97 ,908.1786 ,75.60 ,36.36 ,908.2070 ,64.31
16:02:48.728 32.97 ,908.1786 ,75.60 ,36.36 ,908.2070 ,64.31
16:02:48.734 32.97 ,908.1786 ,75.60 ,36.36 ,908.2070 ,64.31
16:02:48.771 32.97 ,908.1786 ,75.60 ,36.36 ,908.2070 ,64.31
16:02:48.780 32.97 ,908.1786 ,75.60 ,36.38 ,908.2353 ,64.97
16:02:48.784 32.97 ,908.1786 ,75.60 ,36.38 ,908.2353 ,64.97
16:02:48.821 33.01 ,908.1884 ,77.21 ,36.38 ,908.2353 ,64.97
16:02:48.831 33.01 ,908.1884 ,77.21 ,36.38 ,908.2353 ,64.97
16:02:48.836 33.01 ,908.1884 ,77.21 ,36.38 ,908.2353 ,64.97
16:02:48.873 33.01 ,908.1884 ,77.21 ,36.38 ,908.2353 ,64.97
16:02:48.881 33.01 ,908.1884 ,77.21 ,36.41 ,908.2725 ,65.59
16:02:48.887 33.01 ,908.1884 ,78.18 ,36.41 ,908.2725 ,65.59
16:02:48.923 33.13 ,908.1522 ,78.18 ,36.41 ,908.2725 ,65.59
16:02:48.938 33.13 ,908.1522 ,78.18 ,36.41 ,908.2725 ,65.59
16:02:48.972 33.13 ,908.1522 ,78.18 ,36.41 ,908.2725 ,65.59
16:02:48.984 33.13 ,908.1522 ,78.18 ,36.47 ,908.0961 ,65.56
16:02:48.993 33.13 ,908.1522 ,77.10 ,36.47 ,908.0961 ,65.56
16:02:49.025 33.28 ,907.5380 ,77.12 ,36.47 ,908.0961 ,65.56
16:02:49.033 33.28 ,907.5380 ,77.12 ,36.47 ,908.0961 ,65.56
16:02:49.041 33.28 ,907.5380 ,77.12 ,36.47 ,908.0961 ,65.56
16:02:49.077 33.28 ,907.5380 ,77.12 ,36.47 ,908.0961 ,65.56
16:02:49.118 33.28 ,907.5380 ,77.12 ,36.53 ,907.7532 ,64.01
16:02:49.124 33.34 ,907.3340 ,74.90 ,36.53 ,907.7532 ,64.01
16:02:49.160 33.34 ,907.3340 ,74.90 ,36.53 ,907.7532 ,64.01
16:02:49.214 33.34 ,907.3340 ,74.90 ,36.53 ,907.7532 ,64.01
16:02:49.219 33.34 ,907.3340 ,73.03 ,36.50 ,907.6989 ,62.60
16:02:49.255 33.22 ,907.2714 ,73.03 ,36.50 ,907.6989 ,62.60
16:02:49.280 33.22 ,907.2714 ,73.03 ,36.50 ,907.6989 ,62.60
16:02:49.286 33.22 ,907.2714 ,71.01 ,36.43 ,907.5295 ,61.07
16:02:49.323 33.06 ,907.0840 ,71.01 ,36.43 ,907.5295 ,61.07
16:02:49.365 33.06 ,907.0840 ,71.01 ,36.43 ,907.5295 ,61.07
16:02:49.370 33.06 ,907.0840 ,71.01 ,36.32 ,907.6916 ,59.65
16:02:49.407 32.90 ,907.7084 ,69.42 ,36.32 ,907.6916 ,59.65
16:02:49.448 32.90 ,907.7084 ,69.42 ,36.32 ,907.6916 ,59.65
16:02:49.453 32.90 ,907.7084 ,69.42 ,36.32 ,907.6916 ,59.65
16:02:49.491 32.90 ,907.7084 ,69.42 ,36.22 ,908.2985 ,59.35
16:02:49.587 32.78 ,908.1951 ,70.38 ,36.22 ,908.2985 ,59.35
16:02:49.590 32.78 ,908.1951 ,70.38 ,36.14 ,908.2239 ,60.39
16:02:49.598 32.73 ,908.1727 ,73.07 ,36.14 ,908.2239 ,60.39
16:02:49.631 32.73 ,908.1727 ,73.07 ,36.14 ,908.2239 ,60.39
16:02:49.675 32.73 ,908.1727 ,73.07 ,36.14 ,908.2239 ,60.39
16:02:49.683 32.73 ,908.1727 ,73.07 ,36.14 ,908.2239 ,61.52
16:02:49.755 32.80 ,908.1884 ,75.46 ,36.15 ,908.1489 ,61.52
16:02:49.786 32.80 ,908.1884 ,75.46 ,36.15 ,908.1489 ,61.52
16:02:49.836 32.80 ,908.1884 ,75.46 ,36.15 ,908.1794 ,62.61
16:02:49.842 32.97 ,908.2793 ,77.42 ,36.22 ,908.1794 ,62.61
16:02:49.848 32.97 ,908.2793 ,77.42 ,36.22 ,908.1794 ,62.61
16:02:49.881 32.97 ,908.2793 ,77.42 ,36.31 ,908.2014 ,63.50
16:02:49.927 33.14 ,908.1649 ,78.37 ,36.31 ,908.2014 ,63.50
16:02:49.933 33.14 ,908.1649 ,78.37 ,36.31 ,908.2014 ,63.50
16:02:49.965 33.14 ,908.1649 ,78.37 ,36.31 ,908.2014 ,63.50
16:02:50.008 33.14 ,907.9030 ,78.64 ,36.41 ,908.1954 ,64.33
16:02:50.015 33.29 ,908.1152 ,78.64 ,36.41 ,908.1954 ,64.33
16:02:50.047 33.29 ,908.1152 ,78.64 ,36.41 ,908.1954 ,64.33
16:02:50.096 33.29 ,908.1152 ,78.64 ,36.41 ,908.1954 ,64.33
16:02:50.102 33.40 ,908.0112 ,77.45 ,36.49 ,908.0961 ,64.03
16:02:50.136 33.40 ,908.0112 ,77.45 ,36.49 ,908.0961 ,64.03
16:02:50.173 33.40 ,908.0112 ,77.45 ,36.49 ,908.0961 ,64.03
16:02:50.179 33.40 ,908.0112 ,77.45 ,36.53 ,908.1038 ,63.24
16:02:50.205 Disconnected
